	name	fold	tstat	pvalue	anova	mzmed	mzmin	mzmax	rtmed	rtmin	rtmax	npeaks	t1_0	t2_60	t3_180	metlin	10-0	13-0	14-0	15-0	16-0	17-0	18-0	2-0	3-0	4-0	5-0	6-0	7-0	9-0	10-60	13-60	14-60	15-60	16-60	17-60	18-60	2-60	3-60	4-60	5-60	6-60	7-60	9-60	10-180	13-180	14-180	15-180	16-180	17-180	18-180	2-180	3-180	4-180	5-180	6-180	7-180	9-180
1	M231T663	2.72366187479728	-4.76453731778204	9.93070903032578e-05	8.96890449117214e-05	231.081023406419	231.057218715956	231.14776442472	663.352	657.1	677.778	14	6	7	1	http://metlin.scripps.edu/metabo_list.php?mass_min=229.93&mass_max=230.23	13987352.612582	14570682.2821945	5384482.24876537	12119930.7689297	15165727.4367762	10566509.7768182	14072278.0179375	4483417.91680843	24342173.1783399	11963426.6820754	8235629.57387613	5471328.25504869	8977880.2149716	7937475.08488369	16535457.994105	18985076.8444393	7829242.0491149	14587788.8783343	7898050.22498437	15449992.9454577	24932005.1550503	25136568.1869349	25580692.7600362	19190120.485039	20839682.2523053	8064585.92209985	5580163.57767884	14506336.5343761	3600862.27018951	2452267.85933536	2476501.87303026	2293479.07575027	2481460.10268236	8119420.58415016	12125429.700997	4905915.77675513	14519048.0208742	6211416.49329803	9539425.47812882	9285584.28669277	1614320.27204403	3026744.30457308
2	M271T349	2.46316370556636	-4.66458674984181	0.000137867489060639	0.000132739220483334	271.149995562153	271.078746100085	271.211599691925	348.632	344.566	362.487	12	3	9	0	http://metlin.scripps.edu/metabo_list.php?mass_min=270&mass_max=270.3	9150975.50473381	6137073.69233271	7576173.6540856	10429379.6544501	4732482.95083279	10060643.3440428	12063094.1806011	2960960.99686215	11975564.5130823	4466842.26377953	4047914.46686589	2580441.99124872	4842142.80640221	9113497.6477393	9427261.11744946	9994955.59095468	11338442.9536522	8567990.78148266	6537871.35187361	9116581.43493153	16518148.0415613	15432093.3252461	9877326.39574001	14319103.9182856	16471653.604779	2806590.66150492	3697132.14450728	11870638.3482826	2942724.61792128	1876947.49821455	2403317.69849318	2834436.72726196	2529159.61311723	7072775.59297947	9001582.08201142	3774338.37567467	8990688.20006153	3591978.9527789	5205199.8279151	4515484.51211322	1667275.00467542	2857626.78180432
3	M282T646	2.55092399014602	-4.51254835958214	0.000138313292970871	2.83537638679865e-05	282.161504801184	282.136396835256	282.256218046052	646.4455	642.508	700.432	44	14	14	8	http://metlin.scripps.edu/metabo_list.php?mass_min=281.01&mass_max=281.31	43466765.163769	40444910.5591039	31494901.7371471	48485972.0896018	30737861.6628329	46410191.0960894	51788296.5160955	33324574.6310078	64350146.2472112	34234811.067796	42765712.9195372	31056099.2414263	46908107.0351658	33337896.4422857	42157810.0148822	38440587.5618605	30385203.6447187	45857247.9192183	25146036.3880266	61997439.0918514	66996696.5066158	93230321.8810426	76604401.7968643	70178051.4672152	69750130.1729492	39842370.4046152	26859634.1872828	43125114.0679345	7438151.87424663	5691705.31141187	5149252.03528651	6111998.141801	2554650.96968671	35621711.9787617	38860183.1960602	27959818.3699099	47800856.1805239	27258413.2092229	30889832.3869481	37672251.8828915	5114755.48495065	8271093.19329037
4	M120T145	5.43421071361927	-4.8741292519709	0.000158081335043914	4.8217116481526e-05	120.073529860575	120.058332298891	120.124756896067	144.5855	141.068	198.602	28	11	13	3	http://metlin.scripps.edu/metabo_list.php?mass_min=118.92&mass_max=119.22	16882961.5218547	6915801.37696598	4516933.67379018	17109930.4872887	3348155.93181663	7997712.39440303	12762610.0468127	2054392.74531655	17958733.378203	4935150.95383481	3288561.49276091	2801648.771062	5523999.3668255	4084901.50092074	14606524.371478	10758648.8844485	6387049.84854492	23466000.8454074	4633630.88970766	15228393.7317625	30985030.1398828	22033247.737403	27588606.3886164	14850993.2323986	16934314.5453125	5211069.39683397	2501761.77670631	12886876.5304651	935508.201830753	657824.00973592	426980.476845655	1238640.84018608	923720.382317533	4155337.55426582	9716058.07400977	1591318.37330138	8667429.41138914	897725.356676111	2376572.37044605	6048259.05837609	301171.516958467	352758.797852099
5	M209T434	3.25447761669214	-4.83500552222797	0.000162454907906673	0.00011815282189043	209.050498390841	208.976552288293	209.097328816592	434.393	431.652	442.653	25	11	11	3	http://metlin.scripps.edu/metabo_list.php?mass_min=207.9&mass_max=208.2	16691040.4721156	8067535.37064448	7413785.93051529	15031597.0033387	7273052.81815556	8824441.95354683	13803416.5433992	2830226.6362474	16878369.4758875	5688583.06662861	4414585.0134537	2875433.82839906	8299020.97537285	7546180.71144324	14334017.5376477	10851843.7870197	9860527.03910713	10907220.740333	4042261.38917088	12938363.2551389	25000860.6867585	16392425.5158762	17775165.5596684	9639018.66779947	13440455.9687647	2929142.66920405	3987533.72140008	12819782.1249707	2602247.80244168	2073471.09868433	2160421.57844159	1834910.99961374	2036767.33747919	7022099.84069789	5355978.21657604	2418568.3722594	8849508.42748193	3231364.46254877	3959347.12670373	5435651.01343313	1005871.54630746	2688167.01923982
6	M201T85	3.05972698832255	-4.44442849962303	0.000236864880676091	0.000418616564264067	201.05661969295	200.992270832447	201.122152384287	85.4245	76.937	116.801	28	10	13	4	http://metlin.scripps.edu/metabo_list.php?mass_min=199.91&mass_max=200.21	21130616.0848614	12921080.9042617	1993288.36495691	7629358.47700303	8006580.65810169	7435286.74232526	13576164.4921504	10689876.1677593	23456498.8731762	8086942.70230859	9856256.44009273	7379358.8037104	13593544.6319718	3557779.98350656	15540812.4066818	14952869.4653874	2549513.16589354	19907587.45898	6191707.47470391	12636530.2146065	9764822.13014718	20816684.9090758	15783390.5261378	19936408.1826109	18339328.3701932	7718942.82123613	6669565.09435474	4933495.48827526	1333868.44407751	2605606.01678372	760283.041264473	1768196.92921874	1096332.68438965	4047814.06182301	6431114.02616847	5552252.5539931	12655761.2731853	3950637.2875515	4801779.01215354	9368112.28034953	1975821.88680358	1089459.29001286
7	M251T654	2.70706796864985	-4.15369993015396	0.000356423576068909	0.000330293521991215	251.127472919619	251.089280662238	251.158174778077	653.757	651.083	658.596	34	14	14	6	http://metlin.scripps.edu/metabo_list.php?mass_min=249.98&mass_max=250.28	82300376.4066369	56835359.7138163	23547489.7025451	74208052.0913045	44766259.0456617	48704915.3238867	70899745.6221408	16069135.1669332	85379961.0021656	43071120.3988427	41465118.1336182	27039150.3486895	46568708.5364712	33493867.3276753	75408288.5682818	69842053.157179	37048390.8590816	64345493.1127783	30926952.4802423	65056422.9993121	105515488.856003	105926960.520381	113310072.954922	101687855.510225	88583601.0634786	29731825.9347501	20020347.9007422	55856298.3968078	9739333.18190097	9485218.19114855	6040258.52042358	9076300.61470368	7166662.43770312	36353994.7259817	67117865.4178907	17996303.2405605	74716546.1770212	24001872.6126399	36099876.8300226	45417426.9281774	3360961.32326757	9258878.47888541
8	M354T47	3.23890372802008	-4.34175060080593	0.000407756504031243	0.000153096290835895	354.228973801363	354.208662473815	354.263130840402	47.245	46.598	47.953	37	14	14	9	http://metlin.scripps.edu/metabo_list.php?mass_min=353.08&mass_max=353.38	119856766.818028	91498643.6558234	12562435.7954337	81662794.6128002	73083654.7680762	137595912.141354	66667464.6513155	45852541.8951279	98156136.1265832	58266488.3244818	73736542.6854777	40371809.6653755	30767468.0557643	27914810.9391848	108609814.363886	88359875.0964155	16035951.6287045	58456382.4756248	39740016.2343474	140381864.199387	31813799.4643587	64007985.2013337	45253841.4408947	84085292.682888	93937546.6670186	36242991.5321389	63112077.5627627	28867875.8683755	16831957.576508	8834875.80485963	2238876.59015625	8210317.98630055	7415784.25506062	53304844.7020541	12518992.2586272	23043172.399809	23165022.9631957	22284373.3251151	38510270.975482	41556218.7837135	14161220.0257813	5457889.31789062
9	M212T686	4.33983684981744	-4.47744905115701	0.000416511875605208	0.000201606518995106	212.067676320953	212.046424635734	212.11925851046	685.865	682.966	696.544	21	10	10	1	http://metlin.scripps.edu/metabo_list.php?mass_min=210.92&mass_max=211.22	4332655.61747623	5461588.93319506	3614105.08980665	8655653.679204	5130226.82437982	3395412.12374461	6849855.24810839	1910001.71817476	12803682.8478349	1832310.81175863	7666259.47242317	2705904.94286699	2241984.36678795	5970362.78967493	4893999.12304842	7649488.33063282	3339758.22231094	10435254.9428884	3684464.04652108	4136410.97763783	9472057.06693572	7704471.55239529	17613794.3387987	3386796.55033786	13262797.5306527	4162294.41809294	2366937.63688062	7843515.78191586	911478.796074266	744699.713253908	941307.961846033	1297070.13795907	800268.920017577	1363852.67237689	2871128.12670256	792298.049349238	5387893.33299843	1158879.39345704	2785324.99783824	2600426.71599223	553053.582099141	823607.479804408
10	M172T914	2.7252229902997	-4.08913462769584	0.0004695781432833	0.000111490362583811	172.075178966039	172.066795874448	172.111413721352	914.375	910.049	924.532	29	11	12	6	http://metlin.scripps.edu/metabo_list.php?mass_min=170.93&mass_max=171.23	7395725.11444014	13106918.7717627	7421907.08618926	9666085.73331309	7735631.14219843	6202036.87682286	4582656.84702557	2864472.17405097	8273985.09534958	11069952.824736	11890722.3903453	8266607.40662299	13543097.153678	7928037.12280035	11113248.8797345	16474915.8369563	10669621.7765867	14395151.2899284	3671077.90247387	13406454.927597	8880740.54440587	25916829.3035366	23073777.3182513	24880008.5434068	25264699.2938091	8088748.50034942	8542298.02097135	14894802.096854	1990715.26171485	2012330.85377355	1528923.60432906	2128255.86778516	1229463.22746292	7878008.59945456	3741652.56315376	6611342.09511323	16036719.1670312	6873324.74954062	10605818.8227268	12361060.4141997	1085374.28940095	2707928.13756862
11	M204T919	2.42814135614311	-4.02533858361435	0.000476019516123527	0.000265685817897144	204.122836426768	204.073724983178	204.137194605501	919.2525	915.6	927.9	16	6	10	0	http://metlin.scripps.edu/metabo_list.php?mass_min=202.97&mass_max=203.27	6562554.54440124	16775569.5610686	10518712.7865607	9689009.64442159	10243150.1294583	7692554.64039586	7043995.1563671	4203016.46937139	12560562.6315832	16018173.6707883	16778227.4480882	10484236.1977428	19322709.4978853	11632682.9360473	10788926.5663157	20298505.615604	15138356.1558929	16754908.3983872	6325512.86512535	14578286.9746069	11806925.3054593	27389195.9353594	26748970.1400347	26600717.0568461	32308580.839429	12345107.8656799	11754121.0990662	17219441.8638625	2609348.05882159	2522743.60950381	2381425.95633708	2753824.40158249	1591417.62953208	10590712.0358982	6716182.81534245	8802667.87595703	16606533.383393	10561691.1582601	15000033.5287358	18454742.116522	1020143.00000042	3371647.851016
12	M464T491	4.25020563934631	-4.32646948611129	0.000505550194317195	9.99204835605705e-05	464.35489431408	464.347374239053	464.440516649037	491.139	458.288	494.929	8	1	7	0	http://metlin.scripps.edu/metabo_list.php?mass_min=463.2&mass_max=463.5	39916444.1065968	28470650.7366185	1574357.53745312	9880460.9977225	13479450.1674896	11339223.6724609	17437076.3217253	7432100.99198899	36549016.1192462	16331131.6862864	17080793.6283633	16498937.5340055	25069475.9621163	12583311.6108574	61000967.9848087	42505972.4710834	3178866.25327149	15595463.6606042	6193463.91744791	50822640.1377615	26584033.1298076	69602422.1477726	38718416.0355249	39195293.390773	64850545.5739084	17812412.7048899	40816222.1338193	13342527.0560278	2390943.5461901	1306570.27951563	1308569.11660547	4495163.69243327	2078432.88705395	7505028.89967187	9367365.21352864	8206575.23912697	19155824.0257946	8680857.88785263	16957776.5549434	26792016.907066	6123181.99241836	971818.023621093
13	M290T85	3.3954220615523	-4.35576359672146	0.0005249167790633	0.000925455575536697	290.169764397175	290.064482272849	290.222596157416	84.69395	47.948	89.204	20	9	10	1	http://metlin.scripps.edu/metabo_list.php?mass_min=289.02&mass_max=289.32	39836121.5126829	21519354.2840238	3657703.5088068	15365139.7225694	9745112.78397942	10836935.6414032	13477625.1109736	13853593.1890829	34397880.1804434	8050471.9339051	10329575.6295591	8714875.86944504	22876117.8656345	7514540.76620798	28477507.7540991	23176907.7804818	3115745.78836976	28289752.6164978	6010613.66864193	19611174.3968072	15720800.7790634	42567674.9254382	18828836.6018067	18221765.4753097	12408939.5031108	9686272.19962393	15848179.0309766	9267612.85288917	4022951.43225364	2794411.58290406	1962152.57404441	3495349.39393776	3098155.92256303	6129441.36655326	7939794.84824602	5817679.43094767	13592312.2813866	4445276.6085813	5748102.43380032	9550777.73174109	2843515.19570313	2551405.99523789
14	M91T612	5.26296955165843	-4.49166986452561	0.000528154859713137	0.000859326894040496	91.1521019384016	91.1383514956088	91.1838372789022	612.022	605.651	617.14	34	12	13	9	http://metlin.scripps.edu/metabo_list.php?mass_min=90&mass_max=90.3	29056192.8173427	5084944.41186222	15519304.2050994	20715809.0183995	2423479.37906949	8225111.92876641	11104267.7602253	6528962.86893582	2380854.22983807	3298088.38988322	3364181.96656846	1750515.89924955	9563869.07590008	13747731.7233213	27437332.5746643	6873355.90927606	23628835.6779258	21105425.0805394	8024577.98797681	19916204.5462469	8895113.06850747	13104164.4571345	8463749.31335164	7692000.91595252	6521227.66474309	1726295.16678223	2753796.56616127	23484020.9025321	2583676.43279173	1062933.48684875	1125143.19651819	1984610.82661328	2196519.514194	5503804.14395614	2848284.74250277	3438356.93771269	4639413.97067027	1345858.25651483	3608755.02937586	1068843.56346816	402963.385393814	2321016.83629386
15	M274T48	5.37725339944946	-4.42349889500615	0.000540340248591509	0.000519157581671949	274.218620610922	274.15979987226	274.234797384986	48.22195	46.94	50.876	30	13	13	4	http://metlin.scripps.edu/metabo_list.php?mass_min=273.07&mass_max=273.37	58498458.5528328	42584605.964509	2084116.90984177	12146081.4910949	13027130.7113692	37305934.6550099	18536587.561411	19434153.1459627	26329622.8420674	6680528.78473134	23818034.6903631	11820404.962295	15037145.2201502	11353657.265134	45083381.2804687	40627173.6074502	1345665.27150272	15786999.2357604	4923094.72321745	37693985.1332364	11363657.3242486	31148112.888432	13545333.53284	10465339.7814167	36522665.3511776	12785592.3968532	37613860.0074966	13078670.873823	3081262.02356183	1210558.95550018	1147906.8747948	1562469.72748747	957070.067332773	9583636.53866611	2427987.37127046	5464849.25013317	5485619.17122913	2069926.97325015	8722771.61587301	11320094.3589114	4005672.07519531	979298.930932308
16	M296T108	1.97307600371221	-3.99779939137707	0.000587342419986037	0.00133572099741668	296.236746730564	296.149309376869	296.257811793077	107.989	70.607	112.296	21	11	8	2	http://metlin.scripps.edu/metabo_list.php?mass_min=295.09&mass_max=295.39	11203705.3695703	3662160.22888552	5974088.52952206	7677122.84154497	7304600.57145128	7685124.89761473	13059150.8083411	6599525.27585431	16752782.6395213	13888307.7940349	7755554.6370667	5195768.1601282	4179856.45675796	6103981.04886431	9158545.97788728	3890905.81065786	7040756.84372158	7163201.64507224	2962497.12393948	9212955.19155261	7555362.68627028	8192332.49970679	11725263.9774106	15880098.1431825	11182933.8574044	6212796.97015726	9643348.96046253	7827057.31559449	3018383.93695898	2278043.91389269	1773960.72609866	2489945.14345459	2821361.21131749	4922525.69575008	5598725.53848544	3362483.42342741	9544182.49458237	3557603.43357068	5440642.27808767	6749949.4681188	5240622.90123233	2828293.17546829
17	M203T921	2.29169905602823	-3.88174099050362	0.000646878780552473	0.000587267132103347	203.130974174826	203.115860716099	203.15038536716	921.1995	913.313	931.066	42	14	14	14	http://metlin.scripps.edu/metabo_list.php?mass_min=201.98&mass_max=202.28	76523577.5980607	154639949.774729	101581313.829848	103593081.881448	97080456.4304608	69120954.0610715	64296678.3246562	50182604.2711572	113870603.045001	165972924.248938	187150895.104688	117450968.822838	203653783.385336	110490056.720154	102831636.568566	187649905.44508	144090371.334785	160612293.41208	53115597.7271377	138660286.59626	116808628.028528	257419029.097987	228737623.544001	242377165.595422	309721587.951939	138356170.879956	129615035.139595	167194128.326936	29944206.7201083	26239716.5156354	27244234.4078948	23741227.5382963	15096897.8644341	90724057.2499697	52099852.7066638	92946333.2217449	157836211.60976	115242588.964677	164883251.975643	190443694.362942	13186224.469724	37675878.5474668
18	M159T612	4.87836145427395	-4.33626276929547	0.000675704020749901	0.00119918080521103	158.917305597756	158.867348821124	158.94313776103	612.159	605.979	616.883	37	14	14	9	http://metlin.scripps.edu/metabo_list.php?mass_min=157.77&mass_max=158.07	43534280.5138124	6266173.81238887	22055887.8849182	31536257.3589929	3478428.52093103	11720444.8291702	18186273.302397	10182427.4742442	4360084.15942948	5202224.6782118	6072879.58536364	2527963.85067095	13365021.0231685	21061092.7747773	41374812.8001578	10469576.8407201	35686020.2859174	30512364.4667561	11840129.5713349	30931761.121951	12583874.222833	20254732.9675743	12631906.3990833	10774667.9143213	10194708.9746221	2538657.28380877	3837529.65740194	34991606.8868945	4645220.85991681	1284542.16944381	1324911.81183701	3245781.21028672	3118836.16572266	8212689.44622342	6765631.72024203	5694316.824683	8077159.5413101	1342598.25260744	5969456.78910401	1751990.93953613	589255.50702367	3041660.8851455
19	M100T655	2.35690684473226	-3.84686896146894	0.000697611621082839	0.000635047888089613	100.178681047557	100.163627688312	100.246809977747	654.535	598.372	660.324	33	12	13	6	http://metlin.scripps.edu/metabo_list.php?mass_min=99.03&mass_max=99.33	6125729.41840739	8046580.05779869	4052878.22997387	10348866.9515841	3506093.25041789	5290540.65606048	8322621.4442131	1896946.51376187	4838698.7831163	4521751.86013367	3956048.96234216	5323333.07702698	6551713.18092958	8326907.45162851	6677179.42069271	9797281.0806856	5961910.23466349	8620172.63969336	3101274.34774232	8273314.98297478	15084856.2121227	11838606.1798702	6867128.90513493	9456194.6905021	8380715.69920278	6460964.65444597	4140165.21483119	12380445.0456114	1130409.04989163	1343561.79599025	1160282.52758496	1257677.91083593	758855.445969432	6536237.40377358	10357120.6979916	2132576.00167266	4554499.94670537	3489275.39082265	4069581.14490829	10504896.0100865	646778.219535933	1716642.70505237
20	M86T316	1.85857055993624	-3.84329137990914	0.00071141687715448	0.000682520066858438	86.2961797174497	86.2684936479359	86.3277975367665	316.429	308.866	364.67	53	14	14	14	http://metlin.scripps.edu/metabo_list.php?mass_min=85.15&mass_max=85.45	47550100.8566135	38297916.4157422	25319126.3060464	37729007.7856395	33948021.2282996	32674676.2560956	37099196.0338539	25920798.1353138	60143247.248713	29157047.9225575	29554515.4250989	22840001.5111976	39823343.0907234	24428787.2844639	38117637.419637	40379057.5728731	32482421.0849938	34950880.5707989	26377147.932556	35286274.3854349	59838186.0225941	67147822.7070833	59210843.3562887	46468579.9133787	43867954.1954099	24367785.201748	24671311.7893322	33697448.0870921	13243358.6915593	11701174.7227616	9360350.48801673	12427611.1280116	12707159.3565412	27988278.8431574	41514745.3493058	26060799.2109322	45808293.6493704	23454686.1549823	29618837.7079322	30922262.9254697	9054247.33686441	11137833.6517348
21	M139T167	4.3226065884358	-4.13398501635187	0.000763203943492829	0.000373262426114133	139.043092756639	139.029407871924	139.100760662288	167.457	164.439	173.332	38	14	14	10	http://metlin.scripps.edu/metabo_list.php?mass_min=137.89&mass_max=138.19	42650762.302341	41978309.4489098	17004673.8800788	60812334.3232176	22842773.7779086	39706314.2827158	54838654.8779394	24097462.6692221	87646796.2314143	24343070.8770353	24840639.1259478	21413918.0970237	34083106.9501276	12242921.0292357	36575913.8330493	43605302.0823967	26042243.0512335	45721634.0114969	14890088.0835089	29304874.3534475	91279536.679833	127175162.132768	70781140.7835064	61380034.7908079	50340238.0985417	25780533.8764368	24039759.2002659	20788946.8428762	2873444.28832295	2905719.92287665	4569577.04345987	5113138.32747603	2680425.42919236	15091654.1438158	40010411.6736559	14790744.0227399	27152303.7618307	6596767.36619064	16207395.6112812	9847862.47057322	2630263.24117552	3998527.12023861
22	M104T365	16.743078057961	-4.23689228548359	0.00089535928231621	0.000557055147357238	104.204419497234	104.155209871099	104.233976467446	365.302	364.267	366.509	13	4	9	0	http://metlin.scripps.edu/metabo_list.php?mass_min=103.05&mass_max=103.35	4340608.94038928	15965.44051719	2495279.46664854	4278615.41408551	61652.0400225362	30087.732306891	6284955.62549713	157990.315021064	16721.8696642442	85451.9935802284	82554.1455662936	32200.3450463942	88664.5241144532	1106113.07538542	2941228.88422306	1184178.03502845	3464000.82549219	2390994.32859262	128881.840150215	3367931.9739348	6660271.38491029	7669077.91450096	6926933.4099891	8175373.1684033	5002592.38641172	12656.2346033353	6386.58061920071	1528139.20704062	15975.972215645	62059.3176394732	67545.2634705528	90731.4808575346	18343.854872183	595181.491147587	128893.616041166	77093.9038392428	1516392.65535331	124322.057616812	28945.9126835029	131767.157985817	5189.41297934835	91533.6300240822
23	M71T917	2.68665134554817	-3.78820442772287	0.000922282687622289	0.00040953752794058	70.5260952115519	70.4755331373104	70.5376220157726	916.52	911.988	921.279	17	4	10	3	http://metlin.scripps.edu/metabo_list.php?mass_min=69.38&mass_max=69.68	1825483.852656	3452665.36980836	1886106.67968559	2477878.62740142	2600802.0509531	1662232.67354327	1631676.49229369	1111629.73493697	3226545.1873586	4514130.25402188	3892230.12636079	2912154.75427163	4795744.07171734	2293315.84562838	2648554.45822782	4853449.35116632	3237377.9961407	4079625.66828473	1075645.01762471	3733628.56192913	2724715.09895544	7727307.42389935	7310658.84309734	7480683.97647666	8711907.9047269	4025019.23572151	2408491.92039415	4448045.56999466	587890.587146077	428153.401228414	450720.857440398	365434.420136789	242429.058595213	2036563.12442275	1050962.87010915	2204699.69275127	4631962.43166358	2204459.58227388	3769842.8862483	4969745.05769438	289714.891897557	762016.169660141
24	M116T314	2.20054012379967	-3.73973580721159	0.000930873665944798	0.00179563562222011	116.13212533047	116.07532697824	116.161135711764	313.822	313.086	366.503	41	14	14	12	http://metlin.scripps.edu/metabo_list.php?mass_min=114.98&mass_max=115.28	13483831.9740133	8986628.3198703	5596806.81976157	12199983.2903629	7175361.2823148	7898285.35529995	10598870.1320012	10802546.1025266	23765807.0139088	9122432.86638037	11821245.6388105	10119264.933525	23371453.3399709	11122288.0665287	10092269.7530931	11318442.6619283	7002684.32047428	9974276.26901871	6379877.88635271	11641622.6621168	18526618.0818993	24137262.3417161	23029281.5638206	17439627.2253177	19625742.9148651	12535936.6631414	9736384.62916327	14648328.0670482	2636113.89515831	3173573.28747489	1281981.35669817	2093103.66668951	1859713.3580178	6385510.1871009	9901037.18613283	8239276.7252189	16364785.8256093	6440622.17295115	10248071.5499162	15713517.5563477	1691647.72955236	3080238.70492197
25	M235T600	3.86113020735149	-3.95075165137526	0.000954756922223465	0.00282630878922486	234.965953652032	234.941353604294	235.062407174872	600.5	589.526	609.579	14	3	9	2	http://metlin.scripps.edu/metabo_list.php?mass_min=233.82&mass_max=234.12	10906346.7474921	761882.373456159	1209623.94998032	3820895.61442638	358459.351218497	1167031.22685049	1483988.0959082	1221907.68586523	1647526.50975755	1163024.1268452	982800.389691542	510018.730682162	3249738.32357661	1600393.82323315	10465236.8439993	1142632.88060033	4401686.22147944	5469087.65402592	866937.679505763	3545346.73204113	6609900.28614922	5510322.13767041	5581321.46568398	6102247.03372996	3819594.77975644	625310.114428991	846184.759367901	5759554.47873845	481430.035340408	235023.588458362	235583.669649739	355324.470082131	364129.39873112	1281433.81834588	1103215.7530478	1941432.50305987	4436532.84915395	711336.5475295	2848890.12209086	1154741.43734739	235417.743225179	348042.271543554
26	M242T689	2.49251674749555	-3.80146788269091	0.000968398291746553	0.00141155708478273	242.131090822058	242.065978986925	242.210766244285	688.725	677.527	696.744	25	10	11	4	http://metlin.scripps.edu/metabo_list.php?mass_min=240.98&mass_max=241.28	18226506.5822401	17318901.7031215	7078183.97283091	22483633.9661784	10523187.3630012	13107581.3241278	21548192.1296783	9046659.92501394	37071410.6397799	15101513.7597663	10859573.5144493	9553545.92425422	14192523.9925547	9911598.61508335	18370690.2124248	23602467.1272991	13873640.5757813	16294081.6986551	7190337.63262876	11853032.1096403	31466211.4334293	36488715.1632793	41817248.4183439	28413424.748286	26311235.979672	12986971.5649942	9660055.7034507	17702422.3412778	3584139.68607238	3390518.86618062	3217206.75506426	2892130.98582968	1950388.33856465	11679198.235981	18296879.8042174	7379639.35843073	22420882.5606235	9587869.25540364	15397565.8624217	13236330.7787466	2411653.72524337	3323317.21040067
27	M252T654	2.26769777277341	-3.70896389429594	0.00099509688747168	0.00222366186490011	252.117607355161	252.055578322392	252.134976523441	654.023	650.093	657.382	12	3	7	2	http://metlin.scripps.edu/metabo_list.php?mass_min=250.97&mass_max=251.27	8709507.78049281	6096146.13971624	2725540.88434938	8943252.64722656	3868126.38967003	4585741.51792968	7625390.29778236	1978568.86039363	8859904.0271952	3866371.41196522	3577094.49640595	2349765.4025025	3904048.79986955	3724974.35998898	7786031.96290472	6521884.21203609	3701722.09423349	6685312.40154656	2905699.14024944	6753705.55117069	9880486.92718417	9621394.82717359	9270831.07204804	10291558.8272775	7219417.50570533	2980461.00667498	2786352.1922969	5904709.4325031	1398268.93353471	1184457.94585127	941469.677658949	1148750.48673189	850160.148247465	4580091.39941048	7392300.76276169	2163729.47343527	8807411.70194115	2540536.96945551	4103831.24536269	4107240.26680356	653545.209291446	834497.535539856
28	M302T423	3.4648686941989	-3.91244082065428	0.00104940548198407	0.000602823836066762	302.322244006241	302.27505078113	302.352401656418	422.8745	418.361	426.155	42	14	14	14	http://metlin.scripps.edu/metabo_list.php?mass_min=301.17&mass_max=301.47	770932666.279845	495180752.359897	179013502.788046	251435151.106811	105434151.334956	204813043.342314	172809595.288339	116848383.907536	481974733.502332	391292017.032823	445175040.705997	97939681.7458807	586852068.642615	138906142.27359	921177082.41026	565883519.969171	349959579.179209	310224882.006882	83124616.420862	426482089.731442	913295204.927438	701658898.705588	513778090.195038	1339509588.16616	925412948.808022	135224575.916839	259400367.484452	521457721.239943	70065612.7024389	51842134.4741379	42820972.7631719	32258265.7229809	19465760.2410431	141200480.422063	337934455.874922	125012428.867476	336823284.634681	359765484.149749	497076137.416743	161889113.215557	54357151.3173967	68735780.1424321
29	M137T512	3.0733059324048	-3.80036562371815	0.00113338234110372	0.00136845182649134	137.06589898174	137.050586447979	137.090465505684	512.23	499.959	516.875	41	14	13	14	http://metlin.scripps.edu/metabo_list.php?mass_min=135.92&mass_max=136.22	141229024.576352	74105048.7478124	48016280.4166239	101907344.174093	56144486.8730542	72618285.8033602	51922475.4593087	91559499.9064406	196536389.411398	53122575.5123824	87366303.2643026	63886222.39853	178152191.1093	26916854.551279	97817141.1312612	100896945.847781	51992882.9897142	97748896.3222458	39628420.4849898	63213545.9553372	130313496.965615	211987027.492153	218379844.647286	115436805.664496	168401794.116675	84137107.9304115	53599553.4672695	20848150.1047786	12968350.0364222	8897840.6026874	7359738.16351856	11313335.7929026	6835708.97616811	32672629.3296989	55593259.0494123	44733990.2851557	94547854.6096816	31577489.9784815	47419072.9923509	103825367.886247	9747603.139981	5744607.39451741
30	M227T612	5.16067710535823	-4.09130778156286	0.00116432373814779	0.00232028816192091	226.924732327817	226.905416209139	226.948715121099	612.067	605.651	615.754	27	10	11	6	http://metlin.scripps.edu/metabo_list.php?mass_min=225.77&mass_max=226.07	78145510.220141	12050008.7214158	31811358.0075427	55369483.2350849	5514629.9338102	21292117.3698304	30416171.4414547	16538865.4375249	6334957.92725883	7964484.68880666	7712280.7889803	3706054.17291614	21868621.0031953	38618135.3883227	73295145.3796896	17864118.9795111	57214764.4991049	54373912.6967442	13678557.1484409	52588922.1367777	21986817.4984736	29856838.7696928	18760439.2469467	18114693.686957	13749019.8715779	3831037.61236346	5054934.84735938	56874024.1809826	7392336.57791477	2261288.25270542	2762674.89949991	4748385.73535564	5616538.09732349	11233393.7753117	12106771.7358022	8212886.49366475	9047958.08488723	2661365.41937164	8380734.9309228	3708950.75716005	748956.792585585	5843699.95246531
31	M326T441	2.51447828523647	-3.66678979884255	0.00125908841206779	0.00515451662617755	326.292771166149	326.208507532394	326.343061683185	441.331	430.205	443.759	33	13	14	6	http://metlin.scripps.edu/metabo_list.php?mass_min=325.14&mass_max=325.44	21829773.4352148	39411292.8357773	16555398.9296875	55382625.3647704	12901726.1733257	21571825.8788309	17252687.9618837	5139188.79459863	53003577.4460652	14697919.5551331	33525310.4670479	16813942.667736	16340789.1171569	9163053.24728218	9529777.86728726	39507169.3963329	26239752.9965282	37226207.755906	8964702.34321967	37683715.7321782	26829861.4205493	42771382.1214753	51753975.1584955	40089140.3751598	46905380.0751574	19423313.585744	7722347.90603291	18169466.6385306	3207715.88699487	5527426.56024251	3496087.73597054	3674808.57055841	3424926.51236207	14606296.6719356	15588532.7892791	9938930.60190607	31038645.3783656	13483668.5508537	33166397.8694955	21027398.4559194	2557796.41154754	3437052.39858864
32	M298T347	2.93096533762851	-3.64580742105398	0.00130663852580115	0.00145823709356625	298.159741963946	298.107642972976	298.239779960796	346.951	341.224	391.642	32	12	12	7	http://metlin.scripps.edu/metabo_list.php?mass_min=297.01&mass_max=297.31	55436835.4276766	17096576.7777931	23998192.7890857	45772313.0766715	11662993.094308	32719490.6255762	46561379.3328842	5498422.94766247	66834882.9160455	11119446.4687278	16859827.5418991	7004768.25632093	48342438.4106869	38408451.6790705	47430328.6750541	41766563.914869	29634771.9594514	38207056.8089477	24198081.7401321	49895859.7827149	91450548.4370238	89854043.7252489	91618885.4768094	67433578.0324414	80655977.0549955	11679332.8619288	9270881.0251615	59704572.6432012	4828868.36638315	2391210.19569436	1837060.14660455	3020799.91069883	2484341.07454952	34703786.3240659	54194296.774784	21705438.139573	60711565.888023	5739288.89508737	38358034.1876848	9900412.90042957	1405181.04835881	8739896.43818547
33	M88T922	2.25916985463803	-3.58575476808847	0.00138371470976928	0.00176491629615873	88.3130089021425	88.27648387241	88.33236943658	921.868	916.041	932.701	25	8	13	4	http://metlin.scripps.edu/metabo_list.php?mass_min=87.16&mass_max=87.46	1871520.19533155	4542389.99598327	3115489.76713845	2890914.79426492	3063138.45816873	2038812.53691854	2160094.11477123	2086024.48039389	4358029.48176204	5949812.08077222	6940807.72318063	3770904.54745673	7125808.07970341	3491652.59182236	3571289.75571318	5934241.68186299	5040201.8011826	5236640.73266905	1520163.65749977	4531158.80831862	4251988.94890727	8862893.82301981	5705417.1087715	8813260.20081507	10934977.6073137	4460615.10133593	4235318.47990076	5273956.04599586	949599.425263813	786963.992821406	799143.06221517	901922.783969845	441124.986699991	2813350.27330202	1442028.98279314	3618390.09541312	6039264.93635065	3536427.33792137	5585797.10608054	6244827.94691075	478778.101122229	1053054.44479766
34	M532T649	3.39673549037936	-3.64040899546542	0.0015490668532514	0.00120712661124765	532.257418320786	532.177539807325	532.359775506964	649.405	646.78	656.128	22	10	10	2	http://metlin.scripps.edu/metabo_list.php?mass_min=531.11&mass_max=531.41	25165655.0160379	18564690.5283351	3946748.41175603	30506650.9248293	13730685.3173971	14389184.9901323	31635830.822945	3172574.61628309	33039351.8636952	15824089.4527385	10309928.0748137	4752847.8310468	10232518.1563418	11611288.3703882	33987896.9220729	18208337.2878995	8407965.75303468	31699270.8941866	6255176.14522127	26858150.5038027	53005939.4252343	41060808.82751	51827283.2148611	53386886.8769684	34296604.4041217	8141738.97126534	5659158.59722214	19219839.3886569	1450496.08877936	1047514.01198332	724924.903885414	907800.493242105	699130.910875322	13583906.1466959	28809403.2010893	3353399.06874107	28242777.414595	5754164.29961131	12298396.7866439	16603697.4822875	655160.899321387	1278584.81187476
35	M229T672	2.51067231389366	-3.6003255927081	0.00155839695159266	0.00193717854939851	229.126914586802	229.09516161721	229.180148458935	672.069	655.768	704.932	43	14	14	14	http://metlin.scripps.edu/metabo_list.php?mass_min=227.98&mass_max=228.28	1510524984.11604	1133675754.75988	592302299.747295	1298755100.85234	1038999294.16565	919816151.490063	1505541552.07461	627808804.999506	3059805440.03552	1312746167.72938	1157093118.62937	818779041.872335	1231149938.17664	768874025.469999	1439089863.53219	1486527410.80552	802756380.745948	1284725073.04368	767943969.227906	1227874634.41421	2554970577.85809	2814542859.42644	3433609001.75568	2758861250.96455	2473138882.30134	1055276593.18672	680165186.572449	1269062619.65334	270209240.230158	212134037.608058	176839260.152774	230565870.915825	205141224.309277	818472318.736779	1351622540.40664	636139152.289991	1986326801.41046	839073826.863104	1115592311.46215	1389120840.26207	121879228.880131	225411046.167696
36	M189T986	2.25390606304581	-3.55656352694469	0.00156496794283201	0.000953063046366826	189.135890188775	189.126846760875	189.168687456345	986.302	980.595	997.185	42	14	14	14	http://metlin.scripps.edu/metabo_list.php?mass_min=187.99&mass_max=188.29	66950487.2962324	31259663.906949	32863543.6490732	37723674.6559653	20191023.6810397	25919795.9198588	38108626.4753245	47979040.8391606	91544907.4099432	32488220.4646077	34501544.1915831	23933201.6010938	32514140.3241289	24828389.3125	85766102.1538248	45072794.8998235	57572086.5389646	37323169.5379012	32749091.7787294	43101585.9428164	92160432.1334284	124727701.619771	99356452.7912415	78451853.9080154	108569234.242659	29377886.222904	42133141.0191146	62194293.6518256	14906094.202472	9061645.02253683	9195730.07831901	6531742.21217728	6933910.26950404	42336579.8206484	65744554.3495291	46835656.9859433	58182475.1882563	42740143.6667479	20236114.2694508	72699991.7332385	8378506.30647578	12629874.0897464
37	M307T778	3.32162116431515	-3.68687481674375	0.00159236283547837	0.00895073053353261	307.162420137886	307.090519159363	307.222074904986	778.465	773.846	784.284	24	8	11	5	http://metlin.scripps.edu/metabo_list.php?mass_min=306.01&mass_max=306.31	10108356.8568622	5346024.10842284	1613859.64049793	14104261.426366	2200583.09227687	7475435.68563713	16904812.2085216	1038226.1400654	26833379.9706237	7980778.84163757	3329689.79047663	775136.783856452	6381812.69768088	2374495.32211346	15975722.3178465	10068706.7466003	6000493.05184368	12247767.1006994	1207506.61906031	16274498.0501617	8388626.4980508	21955343.6825493	7494891.41665985	13496471.6925733	17935596.4023301	1206534.08110614	996571.783190673	18708594.3450264	1153580.62640212	697753.580458643	488544.272149988	880467.118474191	698933.922231513	9561165.58356602	7931198.50500669	1186024.33605934	6628202.16281219	2347302.5532439	7961926.8403778	4735841.66445458	401385.10804311	1075613.14263129
38	M116T920	2.36980617866399	-3.56967856269244	0.0016114214328673	0.00140582594346178	116.128092897176	116.107422607491	116.142411324985	919.675	914.643	921.681	15	5	9	1	http://metlin.scripps.edu/metabo_list.php?mass_min=114.98&mass_max=115.28	2533917.42820963	4615065.85114055	3927174.29810526	3585218.44541645	3565545.42869322	2309313.53306157	2497510.4244983	2457818.44030185	4596067.23851673	7005335.08891212	7217756.93384766	4567976.6805495	9108410.19734639	4404325.43731575	3648451.4247579	6857031.18724387	5852747.98882391	6050019.83439182	1842847.26912581	5148323.24619586	3965310.05995714	11467281.3322687	10009377.4089553	11374621.95561	13341297.3304164	4997074.78248751	4662136.11882669	6513395.57522049	1151437.5473472	939788.145160195	824572.510136695	1083538.770658	702657.137487461	3584603.44476319	1801483.56740294	3637414.92092156	7273356.61176174	4647296.23999056	5721087.5489626	6744339.45741851	969053.219140532	1315043.89893118
39	M363T611	8.14225498959367	-3.92278944293463	0.00162154630339906	0.00374054327221796	362.99841070916	362.965732881966	363.050140539057	610.624	606.958	614.244	21	9	11	1	http://metlin.scripps.edu/metabo_list.php?mass_min=361.85&mass_max=362.15	55304055.1513162	6549436.30690872	27051515.3866076	39908471.5083388	1125145.37778583	10903272.7567057	19593092.4048654	6698325.35098507	1955954.52397656	2880072.13356225	3120910.47494023	925724.478982341	9238146.54671634	25511742.7590234	56185651.5829178	10037646.1697784	42824393.0738752	36442885.0378591	12804465.6787213	36629373.1503877	13393008.9757292	19107596.1087845	10107822.2568816	9393867.69011813	7831877.80441057	1413443.97346059	1855243.52268639	43951185.5478421	1515057.57524346	338723.605940553	383575.149624461	1461317.19567942	1901527.028	8119326.35713217	7303093.99661663	3962591.94884952	5307157.15972403	719842.602081442	3512408.41888085	985866.297319492	143952.686631573	1433376.67763066
40	M635T611	10.986567297573	-3.93347379312047	0.00165542969334931	0.00309797362396121	634.889692720394	634.862437114583	634.933332676597	611.395	606.636	615.554	23	10	12	1	http://metlin.scripps.edu/metabo_list.php?mass_min=633.74&mass_max=634.04	112311302.511691	8491244.61706557	46848236.0050546	77089186.589902	2422465.69608203	18842067.6993634	30107867.5932289	14428783.9765116	2001265.2625212	6563945.78764696	8511660.40007626	2437167.30298058	31484066.1106511	46162074.3916995	110203057.861644	15265844.8887026	89685512.345004	74980045.7184772	18918189.0933332	73341862.6809476	17106589.53782	43595784.4933211	21997147.3947262	19771365.329625	16877772.7661338	2327185.21365804	4093310.30744411	86105624.0569513	4029470.57392467	326920.539538604	791581.901298272	1634575.67599852	2217265.08924275	11478514.2520547	7198247.60726785	7929919.31589475	8489875.17938753	681899.280365109	5092061.11920604	1719505.48731958	377443.833385379	2123254.12100735
41	M431T612	8.2151235043161	-3.8625107441175	0.00181752298401006	0.00393103320623554	430.984452531705	430.950433939906	431.028304995351	611.8175	606.636	615.952	30	11	13	6	http://metlin.scripps.edu/metabo_list.php?mass_min=429.83&mass_max=430.13	138755375.037073	15934780.3183343	63848216.6367768	97379073.7975651	3153026.8329197	27877998.4001545	46716094.2767178	19373507.0226397	5650349.38404135	8088123.15089469	10193533.6627774	2932135.1926306	29713047.5965845	59208062.3511466	130962102.209517	25146092.1963082	110100943.971528	90819547.3452341	26533379.8044586	89824554.0991945	30739017.278939	43851396.1014136	18858377.5315124	23470758.0989156	19472994.8235308	3751463.67978332	6264327.29190055	105942302.007375	7926053.29822608	452780.068048581	554721.286255388	1780482.21167618	4019725.68870366	18995352.9376914	19356132.6229031	7742354.42170217	12043089.3659473	1522157.04263916	8326700.58228778	2480092.40457937	447021.870619548	2694948.5991083
42	M356T451	2.30410421537704	-3.52494896005495	0.00186095805976727	0.00121202332645018	356.351036933377	356.300226434208	356.411994231652	451.103	444.09	455.056	31	11	13	7	http://metlin.scripps.edu/metabo_list.php?mass_min=355.2&mass_max=355.5	51759283.397919	27734249.4761354	18021339.6916904	35985535.3512327	16084248.283428	20820557.5863226	17980968.0931368	9740151.57102904	72779339.555177	29620721.3665792	22580329.2431553	19711469.3550153	38610411.0388594	17563219.9113481	49361512.6117246	42627629.3238499	35581060.5289368	53251722.176108	14863922.7047985	58748770.8577453	40003498.4595441	107997200.459121	97375840.0676441	66994358.1773008	52746268.3723762	23345637.1188048	28437942.3717165	51474720.5991075	10187343.1074717	9851618.97541557	6919313.37180892	10870766.1127645	7989456.2100964	27866341.5888504	43619689.3199197	26252281.5777016	64290377.9006185	17880415.3020089	36015788.0819302	32722819.8450667	8417837.63105536	10821415.7736788
43	M230T672	2.6156979814058	-3.51903172883831	0.00195171278836481	0.00239573571409976	230.090874110968	230.051420383878	230.178292789901	671.534	655.768	704.932	43	14	14	14	http://metlin.scripps.edu/metabo_list.php?mass_min=228.94&mass_max=229.24	207750309.266784	156915216.679334	77017677.1660064	168591131.463525	141809098.741265	119464695.345622	210701169.499876	73709006.3596626	417516418.477852	174142947.164099	147414770.457296	103898487.955806	156459973.328652	100905659.07123	193878458.238207	198600146.748039	103901812.91228	170611827.263662	100385891.797509	160634424.575539	346190989.685564	391487417.476292	484355406.454034	380711724.505137	334326163.829703	130790076.769449	80271419.3713793	171171982.541664	34428201.3990714	25902646.8891836	20633685.7244375	28445169.4048892	25512720.350951	107803282.849581	187033925.616936	72865213.7009121	273858069.89418	101374473.271773	144513966.418942	179512546.897861	13178308.3220076	26410530.0927509
44	M241T687	2.47095966345912	-3.51048634929029	0.00195400235562504	0.00279366233572431	241.142097148636	241.116587041233	241.184338522832	686.862	677.31	696.033	40	14	14	12	http://metlin.scripps.edu/metabo_list.php?mass_min=239.99&mass_max=240.29	151016983.761778	132404975.582851	82181933.0601078	177830471.959846	90899564.7049744	112709792.270196	178734898.552574	71722378.8389829	356625730.696168	132634164.264452	128401153.320329	85833329.2227395	164333139.265181	90666954.608491	142349586.31977	174435394.875988	116716200.47953	139657396.464009	64485162.6025938	154369449.348425	261364031.122279	356411862.649466	393466021.379701	265231349.376918	281272888.281438	105090881.807005	85449498.9966127	143129940.955508	28253274.8932218	25669559.0330953	27227445.5630625	23522591.7751863	19479823.4493929	103028526.135634	152274249.51426	76822229.2147331	229900691.296919	88970890.1410057	130061094.190177	138331114.831158	16329173.8943017	26116171.2000339
45	M411T346	2.54222617809979	-3.46814517987422	0.00200953632916256	0.0026693225924502	411.239199313774	411.176113650471	411.281445277158	346.264	344.16	356.488	25	8	12	5	http://metlin.scripps.edu/metabo_list.php?mass_min=410.09&mass_max=410.39	32324145.1136314	13543215.3073757	17132267.8332053	31193346.4983597	7636478.35142556	24162400.6767177	31724205.6308274	3495068.76311714	27837519.5977326	5310638.91098578	6573315.61584396	5413687.39245605	22010805.7726215	26657714.4187786	31013474.5075073	17883285.8333516	23664545.1671464	23945599.4840424	17410658.4384933	32627788.83125	61528070.4153047	44779402.2440907	40165157.4601743	27566176.933391	41699614.1558575	5391935.54636106	5228069.07728973	37861065.9144176	3321054.03248332	2684717.29132914	2320087.10076877	3538803.5877285	5330006.47387531	21357998.4700111	35539643.1116381	14216315.814475	32296082.3188102	4547821.2080891	18824874.9556796	9386420.47856273	1962049.05822842	6250954.92151685
46	M266T379	3.51009115636593	-3.64101702935927	0.00201336596995305	0.00471881556739773	266.121949354283	266.062823075967	266.169164815137	378.523	372.706	388.626	41	14	14	13	http://metlin.scripps.edu/metabo_list.php?mass_min=264.97&mass_max=265.27	185584758.7542	50957737.6689481	152115570.983276	405695418.081652	70750119.3086023	128842582.323964	136267082.038408	29980464.8099176	160724911.826836	105638146.256185	18994681.2491942	43622153.6746545	78666693.4941275	50437146.8969916	180576961.390655	82279996.0787499	190616404.364726	390073229.785064	67241824.4314716	356539745.105707	217506409.056024	213503257.967871	224697163.640674	269536247.364143	51032737.5723934	46910888.2090997	35467862.4375852	67497745.602935	23667724.449	12196400.3323744	8086351.16747898	67582273.4616455	13064430.4694303	128648634.450485	118639033.425	30112640.107079	128139830.585619	45669015.3788913	25860255.0186235	72040690.3805055	4927715.83973531	3250564.7054969
47	M265T378	3.15411966688115	-3.60683995986195	0.00205198194990919	0.00524031184098202	265.134326315815	265.095712415276	265.169111256226	378.0905	372.827	387.657	42	14	14	14	http://metlin.scripps.edu/metabo_list.php?mass_min=263.98&mass_max=264.28	1228881096.0326	364954386.044693	1068973932.65926	2596770805.75365	524300073.143295	857469435.707891	919704960.159878	224537569.667852	1024807985.28939	677301895.69338	142962447.429656	315627065.943638	554901526.339309	347788534.988254	1205012106.46519	574991303.332333	1250096699.15112	2450649847.45716	471764090.521075	2308787789.14104	1500852303.37886	1348188561.47902	1426540231.01035	1661536714.76204	349295397.422443	378764423.61435	252836879.259	458383216.807547	174364292.244974	95254059.0224389	61015056.6904345	477623714.90773	99712328.9736909	876706538.980425	800137846.199999	237662038.936014	881420462.672772	434279103.914351	204238261.920321	545798675.704086	46661336.5270277	22991302.823
48	M90T166	3.16244181229269	-3.62628807440405	0.00217261683933745	0.00341292916107619	90.2549928528455	90.2450294599171	90.2745324450427	165.595	159.946	177.538	11	3	7	1	http://metlin.scripps.edu/metabo_list.php?mass_min=89.1&mass_max=89.4	7633635.3776756	1469776.01281822	2428791.55561963	6595836.70385983	868396.291224265	1907748.55634448	3093823.84656468	1304476.40001257	3491285.36122628	1305826.57853065	926368.721683853	1023868.90689982	4037819.67488063	1188941.47003193	6336410.9567562	2300285.9777473	3681046.88777575	6224885.47793093	657051.721936408	3730028.23907227	7449626.32004492	10734353.0636065	6603065.15731524	3318041.36061569	3616337.65545501	1137631.74921691	1267723.55889538	3013149.44215171	1067116.86055176	412289.032184183	497172.617530101	870647.616472886	406041.509142463	1772926.27133325	2119536.60144302	1662522.61708318	4064844.19853154	947927.903974265	1360298.42933689	2709569.39844702	365526.135795232	738282.097230105
49	M258T282	3.15588143256177	-3.53382368437224	0.00223992092194303	0.000837023310277779	258.12143488991	258.067435052077	258.21644619807	281.967	243.33	290.7	33	10	13	4	http://metlin.scripps.edu/metabo_list.php?mass_min=256.97&mass_max=257.27	23354838.6082938	9541785.09990475	7051517.79529387	21141306.8125012	4892614.82611328	15344431.6584047	7306486.48550391	4038269.24245943	34798383.6612393	9971861.41749975	9169912.94469978	7531694.24932088	13956488.9027324	11028886.2399885	24434230.9767187	11205772.6587359	11867951.8973596	33133534.3139553	3367158.58435122	26369458.0355538	54636563.8787109	53880499.8168336	44166369.0036917	40016620.3908774	17603695.1314551	8818420.57935835	7701364.79221695	35253207.0310568	1618804.69717689	4565086.04856993	2099432.31287109	2338414.71025996	834273.62358648	12125654.6359447	22983349.9912809	5327281.17591308	25084958.4974521	6311413.56077331	15052169.7346371	16783804.9903116	1149783.8087687	1744849.88491635
50	M220T166	3.23759588585004	-3.48791351328606	0.00229771275358592	0.00423048242613659	220.11441851095	220.064278315886	220.139306147558	166.216	160.621	179.188	30	12	13	5	http://metlin.scripps.edu/metabo_list.php?mass_min=218.96&mass_max=219.26	43072780.4356392	7070232.8663687	11488546.168905	43382889.4572676	3376362.57878795	11269780.7931735	20027504.6040845	8359488.00329387	23675305.4194576	8071858.88385937	9054156.20223179	6257088.35466627	24720112.0291546	4971506.37960561	39240554.5677184	11183138.9242706	21884114.6069898	37457063.2695335	3194184.25166076	22549249.6593245	45961233.203005	63404061.9859766	45682052.7914808	25302711.0147405	18839945.2797535	11214140.6813086	10386946.7599418	15595696.2232712	3074401.72198242	1036865.25856721	1954272.90975376	2271228.60078947	1081031.39609589	9604890.83883561	13335883.2358226	8157460.68927426	35968940.3507139	5157316.378431	14515555.1778963	14455538.4523153	2690629.22865128	1563654.96083159
51	M166T347	2.2770552816136	-3.39093161273196	0.00231365803955175	0.00333844958289669	166.040795731541	165.986445498833	166.049552081537	347.259	342.128	353.138	42	14	14	14	http://metlin.scripps.edu/metabo_list.php?mass_min=164.89&mass_max=165.19	74725423.0343173	59987612.6262843	37089509.7331589	60217643.6776831	35845236.460894	54674548.8785573	62211941.406699	34106136.5468866	140461922.519477	55468042.0380527	57256065.1510382	43100624.7390187	96782543.4909086	48083691.5308376	63382307.4650074	76669878.5559119	49232575.0176562	56591753.8413435	34835398.9630434	64806898.7749809	101599242.027662	154068165.759849	141976236.000211	116353881.128472	128400816.548555	50977648.4646221	39385805.3532283	70847537.2400606	11722647.1221595	10422282.0184633	8482186.85378226	10482768.5739646	7401287.6203427	42999745.0463517	65633749.7833059	46783841.2929123	108436737.153448	36060403.6177104	65363919.1980361	73172206.1774909	4518880.38186621	13174701.7601565
52	M298T142	2.42307574603606	-3.34564048219815	0.00250684214160768	0.010893361216088	298.163945332016	298.144170745138	298.225109867263	142.207	139.311	148.981	35	14	14	7	http://metlin.scripps.edu/metabo_list.php?mass_min=297.01&mass_max=297.31	28907464.9056304	21004353.1714164	15482440.4092665	22206045.8960441	11378974.9326822	13035745.8668689	39413247.3004531	11595282.9980174	102067025.357348	25473928.682382	31569682.5810669	17246829.79446	45637730.5625061	21217562.4740859	31860338.8991487	31300785.4220117	46396925.5980937	29117161.82025	16615623.049457	19374131.1157035	59378625.9904219	44438718.8805647	87182715.5269136	67350527.9720497	60324201.7818726	19756299.030424	55109543.3546979	44042246.6645214	3027756.05988663	3105050.18098051	3610011.24078796	4848860.30532221	3068548.81123268	12002635.5114834	30410456.8629351	28744648.6701259	45134511.2268713	22219681.9662048	69833190.133495	19406553.5632631	3975475.85701245	3286456.20329692
53	M304T645	1.99847642251347	-3.35907099552471	0.00254095314290392	0.00315685228957903	304.164283254819	304.142575676528	304.270130032614	645.2155	601.567	695.03	46	14	14	13	http://metlin.scripps.edu/metabo_list.php?mass_min=303.01&mass_max=303.31	28865430.26945	20568955.2218511	20948101.8328832	30038145.3672979	21555548.0755117	34565422.2638682	16829944.5076351	35561687.7976905	31867233.1313725	47598142.4417568	41319037.035762	34691507.343539	60296378.2984326	24066020.201513	30356559.3339635	21516028.9797789	23179730.3574978	31041090.4166169	20025102.3166822	40321476.7905819	24603293.300055	72691148.3291027	60133619.7468404	58518628.5582559	58806456.4658436	41726916.9114364	35165342.7371037	27615750.801013	8999830.17869138	7456958.4080163	8451506.30831911	8429137.25381307	3332100.43984854	24722800.899553	18058903.4171475	30956068.2452689	38692216.3351223	35103802.8254605	34760578.7746	37463978.6402703	6311688.00753987	10319015.7454051
54	M425T345	2.66987967320558	-3.34155379225042	0.00255592043703601	0.00522345835758236	425.247274461615	425.175637494676	425.270761299384	345.254	341.872	353.897	24	8	12	4	http://metlin.scripps.edu/metabo_list.php?mass_min=424.1&mass_max=424.4	39646386.7228325	20767934.6339956	16168259.6316737	41317392.1564996	11631430.954172	30172780.6467296	37964379.9749893	3813654.88908093	45693803.7938801	9810229.20518513	7983523.0415925	5029968.35668955	17782281.4091937	26848317.5686094	34386755.5166868	33701196.9689761	26553605.0321165	30600644.2816042	16538587.2811934	45636323.811939	73017532.6924548	36009197.2435449	46406346.7287767	34595417.2434304	37161909.2895175	5899816.7046875	4596189.43131302	37918332.5626913	2230287.45019682	1620085.11350974	1525620.69559051	2794828.22716424	2484411.86861222	29325553.3471275	53701853.3046196	10744999.8572953	29074182.6969598	4925480.2449176	20583393.9106092	7920786.91806199	1422244.53484032	5070512.41921342
55	M203T654	2.11856506869914	-3.31574785492383	0.00270673699188606	0.00249568824744207	203.113366989035	203.010505312308	203.15450119173	654.394	652.695	660.595	41	14	14	13	http://metlin.scripps.edu/metabo_list.php?mass_min=201.96&mass_max=202.26	27701018.4994337	37804757.1723088	23810176.2953687	49017491.8010225	19918463.0861555	25798894.6347738	43279072.6434686	11302233.2574378	29638016.246194	28282032.622364	22811782.9895794	26850012.6880812	34962209.0108975	43066918.9811313	28212686.3975026	53094695.02737	33871684.5163895	39260513.1338128	18753858.8236283	39120607.9569215	75630235.2219053	53766899.5986038	14078396.587818	49677827.4530146	49134303.5034055	38606697.9034443	24167418.9725755	58922590.1368276	5834848.74322528	5362024.07867443	7136436.53115051	6579935.33678624	3972672.30787404	31947701.2128852	51664908.1923908	15061166.8462002	26944567.2885687	19521502.0513042	26618703.4584921	58220969.7285558	3174325.12990438	9983234.16162726
56	M115T230	1.79507644163316	-3.3338303054783	0.00272981129508421	0.0123114037478881	115.081454987692	115.066374389213	115.129709107765	229.596	227.139	237.068	21	8	10	3	http://metlin.scripps.edu/metabo_list.php?mass_min=113.93&mass_max=114.23	13085860.034712	10030489.5210971	6216200.87826598	10329830.702105	5387175.75547928	6963983.54936615	12765885.7602278	1929533.43515625	7966150.51391932	2624558.3765865	4100459.25581933	2902518.68466685	6126492.9952272	8128256.02310057	11315595.9287144	12261600.1547688	7702317.37748124	9192158.86712379	5581005.63358423	10519899.3978985	15931096.7549638	7639807.24948179	7630895.4109026	6739875.15764252	9208878.70690117	3508407.86720177	3533113.65449297	8283453.38408282	3708374.68462584	2789344.49545898	4033839.6980827	3632671.21801319	1996839.92352539	6833382.73032207	10171078.9887191	3762239.02852982	9311899.39720854	3384905.80397756	5624752.44247834	6009856.28166661	1370573.44499196	3689481.97059839
57	M190T985	2.20104914031603	-3.32568299958159	0.00278426890427141	0.00108171295292675	190.129937534412	190.088873234206	190.149858276114	985.406	981.581	995.21	15	3	9	3	http://metlin.scripps.edu/metabo_list.php?mass_min=188.98&mass_max=189.28	6870360.89889576	3433439.94929405	3073096.05214429	4031518.58330688	2272973.93676513	2375303.80922447	3866520.55950411	3768856.43810202	7923842.12215339	2868261.28810205	2986150.58165031	2684429.55179818	3456852.14206079	2315717.60677368	9602823.72321766	4866887.30798145	5880247.19386439	3189155.6332215	3024172.44651507	4791397.49815584	9287110.39631448	12758237.5292785	10661110.02	7635258.9980826	10591987.2400716	3112100.77499525	3345467.73755852	6202187.97844544	1327879.87088451	750505.157318053	889443.107795033	756574.487082476	571974.977522387	4145284.56931536	7939476.60297074	3908299.13637561	5663468.27327584	3311326.99989427	6498211.85616952	5503511.13193749	670946.158010397	1200773.58179596
58	M357T1017	2.61649162467193	-3.37486737393442	0.00289398778447536	0.0045520787755393	357.357602719252	357.341271734139	357.375035848818	1017.45	1013.21	1027.54	31	12	12	7	http://metlin.scripps.edu/metabo_list.php?mass_min=356.21&mass_max=356.51	49656775.9500615	20801348.3688451	15237007.8145553	40778450.3150093	14337771.5557931	17613426.9593103	33493702.6969687	9238182.61346258	71185996.0842115	21272441.2606725	16359963.6833333	8651559.30566146	24783250.3218158	21376710.9328529	42883201.7121557	28328010.635744	22664037.2876682	37149027.6291498	10636361.4140235	25656729.3347011	76302276.6369127	59923734.452915	85311314.8479353	65260144.9772157	48059831.7911543	13525403.2856214	9870689.48135448	45684917.7055049	6436552.18216179	5264842.99415626	5412917.5086357	6673446.40142579	5032334.14396631	18794582.1625131	36823545.6603606	12690577.9845202	51530395.1932941	14797316.0804362	21593661.4178056	21734363.2496045	2828710.17030581	8715633.03466178
59	M129T377	2.9883207950932	-3.41605868288964	0.00304549382065433	0.00757152591798645	129.070156771581	128.990621121951	129.117583916726	377.266	371.64	389.157	35	14	12	9	http://metlin.scripps.edu/metabo_list.php?mass_min=127.92&mass_max=128.22	27222616.1788288	11215186.3186112	23639210.1695169	73083069.4564899	16557720.1264836	27790037.5041202	25690095.3086442	5855152.69367197	34344719.9170547	23969264.5904721	4156854.1166052	8480489.07985142	19469023.6383044	2500463.84353443	29672836.1334308	18866679.2435519	28022587.6154952	70114371.6040511	12835179.9481081	60773097.6278292	37225635.0041726	41604141.5441811	52613140.3635468	57640018.1551247	11993837.8281825	13143737.7847665	7420039.11280664	9014194.35607606	4885204.9373795	2938582.95972953	1746677.78964985	13262231.375197	3159526.59294043	24873900.1749428	23249283.3401399	6290005.22645442	30434256.6632255	13579754.403441	6960602.07025543	16582323.2910507	1708212.53497446	1230070.54793085
60	M313T435	2.06125927299214	-3.27057379940172	0.0031278595677211	0.0149236896334628	313.28214694128	313.261023725101	313.328565302425	434.982	427.784	449.538	16	7	7	2	http://metlin.scripps.edu/metabo_list.php?mass_min=312.13&mass_max=312.43	18235819.9867683	5074271.42882346	2526496.78287774	9594482.01278448	10075574.1791046	4015259.54330023	10696332.2613293	4175374.48871094	19268628.3426479	9464367.2638868	10347163.9853839	5240163.52379773	5130978.18166818	3545905.03096426	15742057.6011538	5061682.63442784	5449586.55738735	8927670.00102367	5463070.00873006	13855110.6462582	10784555.1460139	18259877.620704	11887674.1283736	16601827.2398603	8627993.68670373	6029702.08582584	5098475.64822727	8801803.55161798	2394167.25026152	2612177.41911374	1263852.67289708	1763243.8493918	1964908.07178883	4356951.78044981	7451323.84597048	6122758.65445882	15165523.3808528	6248154.39034627	6798329.51485428	7316671.39201733	2032737.69689196	2715605.94066517
61	M158T922	2.25802977334425	-3.25487796351816	0.00327993183380815	0.00427462007451232	158.081168162335	158.072559228734	158.128933305697	921.95	916.367	931.854	23	8	11	4	http://metlin.scripps.edu/metabo_list.php?mass_min=156.93&mass_max=157.23	2261110.23820495	4401398.1214626	3114820.75475053	2951973.57029385	2814846.55644238	1656224.96732377	2122986.38918685	2268827.72067681	5775729.73247748	6226075.0717859	6609986.45867701	3708452.92697987	8260677.30694997	3132403.0355485	2764143.19256794	5371337.31856666	5102671.85714307	4940574.74411184	1693206.25232707	4353591.51934018	3398278.7020648	8658850.78299342	9415266.55231015	9680548.66069978	12305150.803311	4769609.39020493	5405146.64704603	5193165.9896637	1005853.80151312	845948.679152685	697686.644671875	657509.001105218	485132.683177097	2593164.61452975	1846144.73203974	3457591.46683114	6140603.83611766	3856432.4786171	6284965.33829382	7086765.2385032	766593.79102787	1056142.38566395
62	M110T51	2.84047585998583	-3.33208642749389	0.00329051676545289	0.00513262995352235	110.130969999829	110.106203443219	110.157067153554	51.206	49.151	94.701	24	9	10	4	http://metlin.scripps.edu/metabo_list.php?mass_min=108.98&mass_max=109.28	7612143.85640225	1792924.47952956	4135205.14890727	5162822.40655729	1974434.83683644	3575468.8327355	3787556.09518761	1127093.76864242	8530723.7937421	668889.330144666	2491969.29232784	1547172.28484603	5481600.55481912	6056585.18108002	5701894.40638536	2633465.18242219	4161882.67121204	3320678.93540782	1140491.60766323	8656261.70587371	11643142.981598	5536757.00095138	7878413.70982025	1808644.09863672	2806060.83523783	2878884.60301732	11998083.9814428	6320052.47367819	558591.680302734	653432.605881586	561784.049554888	804247.602424955	554138.916428035	5269374.11391406	3628585.98564491	1134220.81503561	6445846.27616636	887015.439918269	1521126.66042596	2853412.40011392	1394349.29775926	660599.805042586
63	M378T381	2.54656821348626	-3.24222046503051	0.00332298980190959	0.00662402633762272	378.231437766835	378.122242809566	378.284049391375	380.738	360.393	388.053	33	13	12	8	http://metlin.scripps.edu/metabo_list.php?mass_min=377.08&mass_max=377.38	342064749.645265	139865835.505114	168137919.73353	166280527.693777	155826287.264842	263286837.429677	218234054.667455	40369556.4419569	285975759.34195	149681629.033894	47504478.713472	46949608.1208406	139931363.619785	73848595.0750731	211698783.75007	248614619.67147	203135595.790276	181138973.990925	88599899.0633378	208727391.42783	389065027.684176	309673365.295322	398550570.911031	294583811.94013	128565128.29375	97536159.2265143	73882639.9097904	64991534.0223571	22096328.1275532	7582379.6737	421250.585563158	71097218.6844818	6396895.74288553	270961588.799809	283942258.38	67139498.7989836	76056396.5683749	105909811.161849	77517915.7057098	135802907.325032	11853319.6156481	1524156.38871276
64	M250T138	2.72296210192048	-3.25560984780849	0.00336483284885425	0.0188700266674222	250.127536238512	250.071350387495	250.141794374786	137.905	134.261	141.389	31	12	12	7	http://metlin.scripps.edu/metabo_list.php?mass_min=248.98&mass_max=249.28	40999025.3927222	10678965.4127321	7392761.58258042	17812710.7354396	7626355.69605735	8719227.06355681	26570068.5940863	5923416.70923401	47855895.0831124	8139379.7920816	11319643.7016659	5711400.71617494	16077169.9143996	5921086.94883087	31437842.3963546	13690373.9412139	10651731.6876284	21072378.895937	3979833.69554133	16057766.6107031	40264355.2642592	23499437.2457807	37332873.6224494	25737393.4952754	27166068.9499332	7794463.63978298	7477462.27956275	10388606.3355139	3004242.23724882	908239.321869512	1465048.24624589	2011842.33973404	1286114.14696772	5689326.80142598	15891419.5255867	6447888.80268396	31442813.6835788	5013205.3250617	11145516.4294844	13981324.1768718	1355556.41064265	1919870.58790894
65	M499T609	20.3634564578186	-3.55412698347111	0.00347509882049346	0.00801879221583279	499.006754848821	498.972284471437	499.033009033498	608.6135	606.963	613.326	14	6	8	0	http://metlin.scripps.edu/metabo_list.php?mass_min=497.86&mass_max=498.16	116086387.38355	2840959.136925	49212006.3443139	77277495.4838656	0	7849396.60946529	30787394.2258003	9024940.86319464	1398829.20887794	2906422.36474161	4103613.53051834	624510.073729026	20974660.96352	44703313.8392773	111588643.236884	7630305.60746527	89752350.2300962	73862595.8510248	12755014.414225	77236986.0623762	16140641.755382	31754665.4708773	16942364.3767025	13851177.0982594	10644487.8824014	161292.865753356	607583.62344	87704105.1947659	0	0	0	0	0	7077024.31682022	8069966.32438447	3801120.01115353	4517546.22025168	269804.650239513	2910620.94886913	341240.172339606	52891.0254752515	0
66	M380T47	2.40922707175532	-3.37919606456921	0.00349837328616864	0.00251874003695518	380.253970682225	380.188357762503	380.307305194226	46.664	45.7309	47.941	21	10	9	2	http://metlin.scripps.edu/metabo_list.php?mass_min=379.1&mass_max=379.4	10091453.7164154	7661340.43289622	2237424.59845411	11573807.2200707	7756765.95068209	15102697.9158654	8081083.36450725	5673144.56948742	10273820.961873	7118020.45646574	13026500.1199112	5956806.73631031	7126249.51777899	3073747.70561453	9062089.43120899	8535928.72941677	932060.773188207	10922562.9065963	4568155.55695535	20385393.7979784	7906631.50595119	15625341.2147873	8437048.49894747	14002268.7951855	17764908.0273009	7126338.44607208	4831948.82463675	2862845.30278041	2401867.79122162	1782422.7151207	2015915.36695312	3253345.92861729	2132238.57382639	7355999.75962826	3367443.64666899	6994012.44193386	3123413.48159794	3756429.7917582	7526882.72031444	7644936.21657675	1869224.85540904	1965152.67258473
67	M115T315	1.93544508451398	-3.25377627163257	0.00358209836581214	0.00966841861010946	115.094896119045	115.043999910589	115.128802572301	315.301	310.186	323.238	42	14	14	14	http://metlin.scripps.edu/metabo_list.php?mass_min=113.94&mass_max=114.24	76162510.3380552	54099192.4534545	39559992.3434008	66482386.5155628	48678604.871726	50058731.6437847	67325341.3494815	18610592.8119973	35704256.7509218	17166258.4477857	17783660.0806776	15127537.5104509	21308239.7562494	46140581.1965119	66178798.0105417	60941941.4411425	45332561.8552833	58306957.1334768	38321355.2815538	63070832.5266705	93721419.2345997	40930668.4186966	39035397.1787697	25995355.0304004	25032265.3545948	18118666.9699367	17506703.2194444	60894786.0476969	24556723.3635997	19829884.8826878	18018913.918842	20540729.4158363	19505307.6916361	47024134.9301551	62471803.5845064	16328419.2505387	27552374.7544236	14884624.701689	16505265.2885811	22673179.5048454	6643656.40640022	21055396.4857879
68	M230T588	2.97349074534778	-3.2835280209514	0.00371722375649308	0.0102662398190905	230.210577720187	230.163185267132	230.223756590114	587.688	584.862	593.399	16	6	7	3	http://metlin.scripps.edu/metabo_list.php?mass_min=229.06&mass_max=229.36	4074938.34479166	6982974.84948022	4014641.7666032	7210046.747541	4537557.47352179	5355976.68482143	9841125.46980663	2831201.29167396	24439145.5729147	4336721.8099266	5515784.43136866	2932876.14172685	5102469.10994561	5696342.29780922	3242516.83786498	11008645.1451817	5593293.23041471	6320372.99458552	3419709.62666543	7415233.16256041	20071389.1823421	11451527.6928198	22419635.5864453	15850789.6688255	11251145.4378254	3632691.54211589	2128318.94783593	9590821.60207311	664343.935272071	1259970.98171317	513799.042960615	780271.083419473	613501.040778673	4117667.9476888	8556215.8869879	2077428.18853385	11570621.8694943	3193536.84708113	3945801.0837736	6110413.92874408	361956.858808194	1096252.31625822
69	M130T985	2.16922603863297	-3.19686276774791	0.0038508988359427	0.00242826262170012	130.101091859333	130.081572131858	130.11587462463	985.211	980.269	996.934	30	10	12	8	http://metlin.scripps.edu/metabo_list.php?mass_min=128.95&mass_max=129.25	42780505.4751527	17780100.6232385	20430395.0207608	31062942.5732659	10578786.6144418	17100967.9170705	32579432.8856861	26335458.2534485	51035480.1823173	22770823.9427734	21588687.6323374	12777925.5206428	20444060.4736328	17724398.2695203	52853166.1337914	27657205.8793198	37288877.3179699	20955346.1738011	17864881.9552309	24300193.6814603	72927955.4442667	72804673.4302583	56485311.9692823	48430383.2337232	71450025.7281066	15931914.8415346	22632082.1537496	43167810.6610239	6298843.51187562	4801742.61554894	7039695.18755967	3737223.76689812	3106428.38722724	23791195.3399048	49107727.5666567	23545672.0874258	33623558.9821886	22740869.4325621	38024362.1129717	39832023.8280009	4962896.95606289	8953871.91167165
70	M154T127	2.65492411115258	-3.20434618256236	0.00394951065983395	0.0136114616027266	154.031982977846	153.994381253888	154.060999225533	127.133	124.403	128.956	34	13	14	7	http://metlin.scripps.edu/metabo_list.php?mass_min=152.88&mass_max=153.18	43339258.7281837	16637937.8444006	8245600.5108125	36157023.3209805	9280512.16351879	12245888.3943254	15009224.6877236	11163026.0142067	47960821.3911549	7755165.76928017	11004658.5824139	8276678.48505941	22213280.3224767	6552776.49830886	33780189.6470002	18838183.5648957	12263804.4171258	28121434.5910558	5434697.12074219	25609864.1125793	38548844.2583252	51205908.5862773	47212355.2843182	18855450.7437509	28819493.269886	8672927.94157982	12471935.4518606	8999132.39012972	1873497.13341107	1214886.63839046	1677105.31895552	2188642.66941787	1325152.09298702	11941357.2157109	19173031.7022625	12755569.9512466	34516808.1268025	4935653.16389989	15560408.2733251	17019081.2258913	1911777.35974547	1531852.73635006
71	M248T375	2.90416894474373	-3.26912276922611	0.00405699806071014	0.0102387632690315	248.063542632512	248.034890164533	248.122899071115	375.4145	371.968	387.836	42	14	14	14	http://metlin.scripps.edu/metabo_list.php?mass_min=246.91&mass_max=247.21	218141458.658422	75402902.1708872	187009969.717341	544387360.308377	119228048.035716	211223559.158457	219213513.882637	45272627.4634366	254011994.950462	163918730.227308	25080252.428359	72513857.1340946	130280041.657941	49015396.7193492	220182440.593137	124396392.607415	226438101.363071	532224676.48714	105396196.772629	474637093.262101	303793195.381211	278928106.266054	345910014.654908	408572606.132337	76351391.1851959	88204038.4021665	51641166.2621625	74531019.6785981	35072382.2065878	17192635.4108932	11876471.1155968	111916464.837727	17478750.3455137	206089688.73636	185944024.72316	52550198.8231735	222777987.560149	95640705.9243269	39452170.4226684	132012809.370249	8208607.16707332	3943375.95942781
72	M235T398	2.61718549058309	-3.25904145616731	0.004069401217069	0.0295980446463459	235.131660009189	235.076517511626	235.14838709455	398.497	383.716	414.455	19	10	8	1	http://metlin.scripps.edu/metabo_list.php?mass_min=233.98&mass_max=234.28	7030148.00042738	3962625.17630805	5354923.27727276	12989090.020924	3641025.50928543	3818171.12482172	23925945.4581057	1512576.77417299	6136611.04677305	2527901.80492306	2545079.73459146	1327764.16589909	7086836.11060095	3715306.93038523	5379861.65477452	4034921.21755645	6183494.95508492	3655793.609889	2306602.22699166	3847745.40316448	15916291.8317366	6767816.08521241	6631093.87172696	7698266.91314148	4917824.19280539	1387458.43458838	2720693.53002626	6429760.72930447	1522912.10649723	1240800.86072579	2066781.54734869	1320311.39445881	1519152.90254202	2875862.74662087	7754599.54970295	942876.929609877	3078588.49808235	1168346.08234986	1795438.84338086	2735273.65650709	549225.231714723	1186079.23086307
73	M114T315	1.84687737732947	-3.19220099401069	0.00409532041114113	0.0105777809027851	114.109028794439	114.075702386728	114.160909734341	314.933	308.866	363.661	43	14	14	14	http://metlin.scripps.edu/metabo_list.php?mass_min=112.96&mass_max=113.26	1287150195.93669	927676957.035886	686895996.594183	1072958817.55878	864570066.463552	898341016.070031	1091281421.53828	317686266.120096	581079480.530017	316014142.413388	317850654.164957	280268723.838094	419632185.818895	830371141.459846	1105022388.67865	1037442007.769	808553092.442366	990216217.901815	684952408.175351	1084953269.86161	1515173112.1735	665790996.5625	593800113.112565	517653454.943627	435654359.880117	300718206.887161	305748757.843415	1080979297.35422	433031340.40995	364902264.648868	322107247.937112	392820391.088306	364361226.277132	829255020.92611	1064760175.57784	308459123.64925	469153133.872265	266094757.481172	323142790.59018	354312211.601839	129308907.650653	402869877.962669
74	M357T790	2.64525365955941	-3.25768417510596	0.00422077064881465	0.00774864469254821	357.323383571943	357.284097167392	357.34758160172	790.2385	788.613	798.11	18	6	9	3	http://metlin.scripps.edu/metabo_list.php?mass_min=356.17&mass_max=356.47	15935553.1544167	13288035.6268976	5394643.16779691	16220409.215555	6873926.45675467	7582461.45712803	15777948.6806417	4455965.34622683	35247599.5255648	6113659.10540043	5130944.4542137	3964483.22077626	7038799.84818792	12003714.2352412	11526698.4229996	16939169.8285648	7569495.77747914	19265254.3895733	5194896.37148513	9627521.26653363	31577050.5850618	24502084.28439	41760789.551207	19673760.8273724	20630108.1514204	5034208.05207613	3419215.452564	24846520.6480592	3274064.45379875	3346673.59360686	3203910.10427254	4085817.3278446	3350342.60186654	7226082.38707476	15097682.5373821	4146141.67200399	20763660.8917641	4190998.28127658	6179140.17140625	9233598.97573284	1746032.26886754	5476689.97164902
75	M72T369	39.9714952218112	-3.45819408342377	0.00424016893664958	0.0195938414438503	72.4856286656221	72.4654156901156	72.5171691578327	369.27	367.691	371.76	14	5	9	0	http://metlin.scripps.edu/metabo_list.php?mass_min=71.34&mass_max=71.64	12262629.816287	277608.602501803	38630492.1480582	34191545.3625676	128043.212521416	230718.69866248	28896007.832539	291018.186243291	818825.164044561	381706.386509273	208179.5242377	282261.484622296	395487.269786354	9213940.44653317	14996642.5341908	164679.131870418	36203909.0456528	36089735.8476597	115055.941377485	21379658.3072854	24207797.1537409	5549303.20943441	7061335.0073259	11647457.0675911	1075991.50461768	560940.052355754	184252.580533382	11410827.6846466	349249.131583984	240047.059155558	297168.676810288	218343.352721855	306002.572518429	102435.241893818	255110.182433393	257240.01454519	424236.448601547	425860.547797492	264499.74166546	458314.144634005	435112.96180788	235611.888292743
76	M303T423	2.74599908253903	-3.25070829828044	0.00432449197639873	0.0100341290101641	303.331339652606	303.30164596993	303.388061505572	423.368	422.348	433.184	13	4	2	7	http://metlin.scripps.edu/metabo_list.php?mass_min=302.18&mass_max=302.48	141920181.040539	92028601.8910105	9201077.27512069	41361284.9844419	20953709.5245085	40919358.7282994	37051362.3958005	16799166.8774128	62199669.9321831	44613105.8686523	58677499.5413939	13655041.960965	53782340.6019297	30503027.4621483	148830481.462936	101293591.596872	7527019.57495246	62391477.3256635	16521405.7437414	78962203.7347659	134682190.572454	45729700.5078846	45291030.1070433	56735408.6999353	55355146.2197981	20599643.0363157	36790521.8390127	107113704.094622	11631272.8489719	10056279.2505858	8481472.15067011	8562495.19987492	6104659.78804687	27606003.232705	66176278.5195567	18779206.4657416	27613594.2716889	45771697.4792133	63625619.367898	17474972.5792564	8023467.87655284	14333269.0859224
77	M313T349	2.51277033215631	-3.12835418375987	0.00447699521162792	0.00619282710109383	313.178619494452	313.148001325243	313.246490827119	348.506	343.878	354.216	21	6	11	4	http://metlin.scripps.edu/metabo_list.php?mass_min=312.03&mass_max=312.33	11936848.4934961	7133506.96916576	4747475.52562288	11378158.0880859	3245755.01196779	7678383.17755805	11010113.9934462	2297888.69775149	17113283.0020579	4061462.86229023	4408945.26402305	2224295.18811908	9759867.93599999	9323125.79570979	10211066.241932	12331061.1363816	6247883.33634324	8338252.29521536	5165585.59044759	9812264.7680812	22309713.7975926	18018716.7937921	22417187.726664	15725436.2887365	15894581.3648698	1837619.15471234	2975382.56239915	11664912.5518232	1631520.93978265	987116.187999502	1357005.24983369	1480294.01591608	852812.267342677	8437241.54377046	14518390.1158516	4162510.91719512	16368628.717783	1761437.6171243	7496604.7322168	3338043.1317639	1103247.87416488	1353756.81637232
78	M130T376	2.697598254593	-3.20127182901502	0.00457048277162575	0.00948822562815813	130.060015543957	130.041071828273	130.081161873809	375.5575	371.64	388.034	42	14	14	14	http://metlin.scripps.edu/metabo_list.php?mass_min=128.91&mass_max=129.21	188114250.78238	70283399.13664	145509776.753998	452033748.121059	98798477.4664394	172525187.725684	180514340.063321	61855413.0293021	286487246.385835	181645285.055264	35304193.174105	79958245.5904612	147844314.113512	42636493.1326957	184816543.471914	107719257.353976	185644147.330389	442538881.622077	91887785.746447	391466915.675172	250297872.371691	315954887.080726	391519747.880413	428216169.386984	88589975.7452235	102631053.735646	63632705.8332425	64735452.167525	34865015.182841	16894170.2064126	11246505.4111824	94454168.2781439	18810864.3834601	174728268.426525	163719407.284471	65515522.9122026	242504748.141585	108466995.693707	53331138.550803	151660279.879287	11040109.5619444	5510955.33718248
79	M249T382	2.99102624272595	-3.25011303958864	0.00467627069967103	0.0167294794835756	249.05765780569	248.9644907488	249.126314930945	382.371	370.981	386.838	31	11	12	8	http://metlin.scripps.edu/metabo_list.php?mass_min=247.91&mass_max=248.21	29798226.0146418	9500110.84782396	20953213.1087451	76427320.7190284	14192945.6220606	24887934.1480403	27615588.9946792	5560778.70558659	23012134.6887917	20752362.4161141	4166235.56077038	8464425.38748912	9053531.74160608	5796684.01989998	26680192.4730461	16155950.0824235	29276960.7933096	68846577.604353	13280298.8954157	55863371.8719879	40453385.2334	35000778.4267256	32813582.1142621	42028373.2748957	6361583.49077608	9515479.00490883	5617744.46355744	5744498.85430782	4827004.79628023	2992498.57727848	1631680.65270996	14935234.0407375	3968550.35015578	24138562.6987433	23798051.8119538	6284957.23825742	15022111.2777417	9778429.61759616	5087359.04371218	14334443.7681312	1505093.19209443	1296616.55229686
80	M502T314	10.1387968126521	-3.36294211904279	0.00485347633860544	0.0172760706586394	502.149640001545	502.073194794645	502.239019119284	313.791	305.118	340.582	19	8	9	2	http://metlin.scripps.edu/metabo_list.php?mass_min=501&mass_max=501.3	74733195.593982	11973991.273204	194180355.111411	62454285.2648451	1008623.36536123	2959596.70233872	115011348.684987	1598118.71089777	70815707.3942521	1418068.08427459	5422273.92727348	2204531.8260251	51936289.9109405	11056829.6339768	74818037.085	21266066.6615462	149871437.621518	84439099.2952802	1571407.68652926	21059485.3090123	75859640.7831372	101616207.600469	168966073.546611	20187433.4663141	38975628.9334048	4030340.22553424	10805475.530726	4328783.01171801	439125.586838335	607672.063789604	1165037.04918008	795222.442952206	76778.5948713235	2623025.90835294	10859633.996238	1329392.52683848	22416362.5816555	1296773.11937823	17826484.8046288	15462557.0633885	1579467.52345226	237202.335681373
81	M276T661	2.15453560630095	-3.07852657965889	0.00492917659919945	0.00829369436088627	276.156606129799	276.093474060606	276.249755889782	660.96	658.287	666.508	41	14	14	13	http://metlin.scripps.edu/metabo_list.php?mass_min=275.01&mass_max=275.31	39452637.9125941	36215894.8850664	12840928.1419783	25841109.4087592	20659269.3424206	16698503.9643184	25137284.5655245	12953655.6925289	65404221.7539495	23789765.2373335	24038255.2354405	39696288.1016981	32808710.5098162	26890366.5678931	34763148.5534819	27701504.3134709	16077091.8485833	22098531.640001	13087165.1117699	20388913.4844991	34113575.8290558	41186681.8718722	64969722.3611942	50519028.5858742	42331114.7640443	48870631.7691349	25824410.8917438	40254564.4595045	5940832.46964843	5984185.2600961	3321787.99876917	3807814.46644557	2645235.6655359	14752200.1621569	22752370.479854	10854264.421734	40839836.3656631	19981324.5144293	20688119.4277477	61658469.7007483	3524119.12405814	7049911.87501078
82	M303T389	2.74141898033202	-3.21429858490999	0.00504242201917782	0.00300226682383631	303.158165501618	303.085747473508	303.296897742332	388.7365	370.718	425.028	52	14	14	12	http://metlin.scripps.edu/metabo_list.php?mass_min=302.01&mass_max=302.31	26923999.3436694	36841546.9234458	109536904.301489	195156931.6775	55936182.6051973	82674233.3018057	70747625.5302841	56980528.6276735	98617941.3524638	96967778.2548286	18467913.4038607	46766338.6937564	34913778.0425552	46850311.766086	32978212.4958059	47808631.738947	90792698.244121	220721381.433865	73559126.4113386	174086913.752006	54278100.8982554	291479582.625894	133874468.87139	295134372.783959	176690221.271668	43249657.3344941	71599836.2584895	116172004.978844	35242779.8415459	18420546.8834936	10879763.3490092	83380476.379593	18242274.2331262	102871853.854092	64632836.540916	79830437.4295846	47355354.5489438	118105207.02368	28061997.9859174	33759744.0834914	15407200.9857715	8583945.57386335
83	M131T376	2.5880899505299	-3.09793428243154	0.00608485768826084	0.0141423349186454	131.052066451443	131.03662181325	131.073277835216	376.083	370.725	385.972	22	9	9	4	http://metlin.scripps.edu/metabo_list.php?mass_min=129.9&mass_max=130.2	7071306.812287	4173112.21236751	7546654.13373386	24329938.1179254	5639465.90163635	9188471.03147529	12408281.1469358	3968464.53554982	13530383.6243656	7091863.04435494	1558609.51529525	3948297.07613423	7230740.09973259	2895263.98849267	6535007.39916796	5402948.99101382	8663218.11132854	21540714.3828356	4951592.61410809	18475432.4652862	13438182.5649242	16935961.0055489	20274263.0437475	21287724.2946057	4416528.54891351	5084624.81837304	2771911.60968255	3209687.03529425	2185683.26445078	1648808.4741882	920985.089884353	4587676.84737263	1622775.54300724	8433081.88481843	9761878.24734375	3628279.95161752	10586572.1093254	4657284.92117955	2462368.08892549	7042951.3138351	747346.498184606	826548.765646013
84	M147T377	2.38661951975915	-3.04890834547102	0.00615223004574972	0.0255684047236357	147.049461981724	146.98839052159	147.081958565726	376.564	326.499	388.057	27	9	12	5	http://metlin.scripps.edu/metabo_list.php?mass_min=145.9&mass_max=146.2	9651470.6571864	4675682.76280917	6595475.69741583	31136450.2821236	6110520.58407141	12118031.1259848	14699571.4913343	3486266.94216897	17317330.0007105	9789956.53713462	2561460.4770683	3719336.07858939	8648486.09483195	2735292.97846552	9849769.29250154	7590490.85295924	11639923.0153311	12552588.4147848	5545496.64376261	24937767.8739815	19524704.0990994	15791195.3043102	22707186.819837	24711792.5947399	5805917.52794785	5662468.27441794	4494451.40434285	4094756.3557467	2967217.01753967	1830662.29502944	1170370.98856395	5590750.02358249	1735807.20223385	10994902.8495113	11955781.1738577	3687117.33284222	14122804.3651789	4039565.59428238	3779165.42432683	9082586.16162546	1202979.45376628	1127425.76105445
85	M172T160	2.30841781595654	-3.00320415369991	0.0067628499505501	0.034030943840607	172.057097677827	171.983532816005	172.070373055825	160.104	154.461	227.437	21	6	9	4	http://metlin.scripps.edu/metabo_list.php?mass_min=170.91&mass_max=171.21	13122739.4869191	7591814.03037943	4594698.45339158	5587643.95719507	2376870.48219587	3122057.71587353	9390528.55693015	2685606.32003266	20696883.2211097	3237768.48937465	5584674.71806805	3297464.87391946	6369477.60674105	1335445.16583721	10824405.4970654	8272109.71207406	6866495.73780762	7834641.54242792	1722568.225986	4851265.48313139	6485385.99833511	5923288.34486835	18378473.7331867	10880909.2785847	9484121.55084427	3452865.89288849	3710663.20997965	2023611.05716035	1451805.82200942	1304317.24956844	925258.008259166	1401606.78549199	889416.023671208	3863435.65678047	6994409.44372583	2154387.34167611	7359797.61458235	2638248.0905256	4315644.17152421	7987631.4169021	1295177.20970703	1046498.15653369
86	M359T442	2.23691652881102	-2.97979665575399	0.00680573156483466	0.0630307303209894	359.346662100034	359.287681880991	359.422083805286	441.974	407.883	446.368	29	9	14	6	http://metlin.scripps.edu/metabo_list.php?mass_min=358.2&mass_max=358.5	18072767.6521412	14093679.0011828	10223009.6979062	68639237.214893	11412533.8547965	7053325.18773509	48462642.8239353	4020175.44425845	29737906.9238927	8799310.4533413	8308023.32375624	4828910.52440497	14551096.9390431	6734916.90605113	28062431.2801905	21197031.5896986	17043326.5089225	13665254.5870589	8402027.24119747	24669239.9779771	52888735.4576185	48688300.1632879	37935423.0060534	23824629.6627576	24593554.3975943	7680419.98599907	11206093.9205194	17329283.0781778	4743490.89110867	6267165.1883316	3428190.31983129	2738913.88851464	3613794.78410946	12182625.6593161	25955754.889441	10315364.3133077	30738753.7527231	9999423.50450779	21872718.9388792	12474627.6808556	3034575.44937192	3371450.55692613
87	M241T164	2.25680665996982	-3.00956611130826	0.00680898778252548	0.0203635374658411	241.124193075022	241.08445066764	241.160549944383	163.558	160.764	180.233	14	4	7	3	http://metlin.scripps.edu/metabo_list.php?mass_min=239.97&mass_max=240.27	44403403.8148229	21200948.5324954	14269513.9830325	17150827.4382896	12019942.7691962	11215099.4846362	40638518.5712637	4474339.08971054	35173007.3714988	12979480.2078128	14375454.530383	7593231.09971983	14532157.0744914	8726088.10134462	33772133.8488458	32107399.2681758	16880805.9128894	19987214.9219653	7840980.81201068	13723579.0222266	55434072.3584726	19423589.0217016	27383437.1566875	35691672.5858458	28218435.2744668	9242217.94513658	6522732.37546369	11088497.022198	4497307.43732482	15509777.9751738	3800867.33637552	5329828.31720951	5496121.20420534	11568657.9533271	27538321.3006954	5353314.17055029	23692891.2539839	6249598.78651922	12071145.1051639	12330739.4787891	3222874.54172288	3942875.90533334
88	M84T985	1.99536007728638	-2.93806336595766	0.00685578517887908	0.00559715451544495	84.3357836626413	84.3210049122013	84.3652821726275	985.082	979.025	995.551	27	10	10	7	http://metlin.scripps.edu/metabo_list.php?mass_min=83.19&mass_max=83.49	20636640.3564403	8508059.90844491	9509245.0302297	15808329.1902339	5384309.76811241	7760457.97851011	15968332.1900484	11855141.7514513	23521075.4096619	8980336.76689233	9035984.77218397	6267517.92853822	9135285.97962873	8155510.88944763	24531021.7655958	13006760.1821203	17976659.4357684	10396165.92354	7887336.39458283	11986905.3966446	27091811.1134449	32906943.3787985	26341171.5522306	24032256.5394785	30444507.9407312	7508406.97369636	10089620.9605954	19656425.0846499	3373025.71348021	2118091.81199009	2722686.80752661	1692440.46201246	1618784.66886527	12005950.8861494	26465984.3262213	13426539.8047743	15858467.2229681	10958595.5415646	16599815.170487	20017526.4793046	1749067.61653215	3627799.37915624
89	M284T276	2.52646630400872	-3.01601571567333	0.00697421553061295	0.0138214150611742	284.144291640051	284.091932155414	284.232596655307	276.163	254.654	286.912	19	8	8	3	http://metlin.scripps.edu/metabo_list.php?mass_min=282.99&mass_max=283.29	28656043.1051029	16370382.7259745	5313481.74568959	14377829.1663873	7389045.27821031	50913550.2273076	29334908.010453	21653596.7378596	26101369.5306883	33459321.6862891	13835360.5098772	9524736.94531195	7715520.18166753	11005577.7836111	20809682.7489657	25584488.5798818	9309047.99313953	14420138.336087	6203055.17096534	47805181.7204557	15341815.29648	38329546.1595143	20814457.8663921	60297519.9241072	14304165.2323473	18079988.0906147	21903898.6265862	11222142.1539697	2598422.67830216	2574659.43561127	2007647.33955461	3374571.66563063	1296574.81653023	17451252.5657201	10109491.3362337	13104337.7874033	16356829.033207	22718204.8820448	7857220.91826377	22998108.940406	2758238.8514041	3205069.00872277
90	M245T203	1.99714618620026	-2.94282767050132	0.00700244677881612	0.0156733906529969	245.100041175878	245.066529942309	245.135530550657	202.5975	189.026	223.651	26	10	11	5	http://metlin.scripps.edu/metabo_list.php?mass_min=243.95&mass_max=244.25	27269438.8654833	17599397.8223211	13124350.2660871	35389193.348299	7486785.84440477	12359512.1503953	33683375.3726207	10087927.890884	34122746.9151373	12365552.3788787	18519335.9338101	9843774.04916836	19770827.39346	6997535.00824276	27335155.7155376	27843597.7567673	20551438.7707346	17768073.9671925	5938941.23077638	22221202.4377013	44086060.828447	47836841.0079086	23545891.0875654	34271080.9755843	40391065.1806369	13149813.3315252	14906158.6163424	12617701.2651443	5903450.8793064	5919839.70015298	4822189.0076609	4644014.99969284	3115891.05808457	22176583.5877405	30777575.4586278	10987560.0318356	29650722.7353573	11761046.2661154	18499094.7812948	20151718.7932766	4224398.21342133	3849250.86375183
91	M227T314	2.5006039515394	-2.98140950332479	0.00727592651282771	0.0209458777631702	227.027881257103	226.959137439026	227.060668912942	314.4385	309.196	326.843	38	12	14	12	http://metlin.scripps.edu/metabo_list.php?mass_min=225.88&mass_max=226.18	151989767.337009	114053823.658865	120827061.401522	146251154.031017	105777069.693698	116550831.801799	156053847.677783	7184573.08912638	44985881.1038472	9533104.82619073	9477864.52026923	9586582.03632158	24923183.0065177	108417787.800426	142850741.385416	128631930.542496	136996840.903481	135542628.35131	79438804.0253333	136871508.457766	219579535.360701	49277545.0375355	63678608.1437118	26804674.2628825	50271442.6481634	8506390.21774492	10678836.8086605	139903398.865867	44262462.3980243	35614698.6130122	32898498.9653496	41024863.9277679	32232254.8308031	103208470.0393	122614093.172421	7773386.27857292	32138272.623278	7940216.69671774	11687115.2876884	15519441.2784803	3491820.16023711	41079163.3177698
92	M181T231	2.42547050260226	-2.9826634571641	0.00730474850923946	0.00765873609630274	181.042520269855	180.97107555324	181.073620859371	231.272	187.377	241.361	28	7	11	5	http://metlin.scripps.edu/metabo_list.php?mass_min=179.89&mass_max=180.19	17591931.6920204	7281476.52918253	4395221.92018085	12371663.7409874	5285070.87477479	6899436.79734438	12171846.6866122	2499036.76764993	18768651.2950709	5854811.77605789	4038915.35009977	3463812.48257367	10453908.453634	4811161.55368021	12076546.1518477	12695482.1468142	5919244.20018416	10841106.8804451	3111924.41098696	11519025.0360381	28412721.9130709	22927036.5099018	30855293.6275574	13053117.0838042	22939171.5393288	3394178.19260278	8784407.32017963	7364805.1157846	1852229.54069493	1668715.46853516	1401223.00507157	2686064.61426938	1742559.91808667	8803448.38990171	15312755.6837021	6465195.12578334	15621289.4906583	6394002.05056202	7095196.21197472	7543331.85355717	1064526.08753588	2290265.76486754
93	M243T360	3.04941029636902	-2.99382579245293	0.00751173626326795	0.00580166931990688	243.145144785769	243.103741581471	243.157535302954	360.352	355.264	373.889	19	6	11	2	http://metlin.scripps.edu/metabo_list.php?mass_min=242&mass_max=242.3	17188124.5975357	20502305.3125	6669109.20911767	4688417.74968549	7856302.99788502	2959337.10769612	9069384.82578252	1725447.16370485	8024880.5955265	1844263.10193656	2409939.56849061	2292169.75124435	3191062.29796063	14048484.1739585	26091370.4755907	41302723.8380974	9858826.93074724	11518757.2109738	18538958.1524017	4171431.95841797	12911658.9643024	13004159.1988531	12057467.4919922	4887172.66814536	19340055.8017464	2726711.81013144	2080369.98203427	28484713.1292837	3281228.25648121	2860592.90992434	1504731.1760259	2219608.00114253	2518097.49798466	7987530.90355379	21385467.3155435	1859302.57481558	10352229.9576571	1186847.94073838	3938521.48371474	4411536.27788274	873208.681325219	3494671.74654786
94	M136T132	2.55030214304027	-2.91070095283378	0.00782176265929824	0.0231806088758195	136.044856152826	136.034577169751	136.093758206859	131.8085	128.668	139.353	26	10	11	5	http://metlin.scripps.edu/metabo_list.php?mass_min=134.89&mass_max=135.19	21925059.9671939	10153582.8517477	5593054.87710819	18388606.1115517	4993500.62603839	7169012.255676	12271858.3600739	8623586.75590774	45750609.7767179	9333542.12326089	11652619.1431555	6876960.34500252	21972497.0853085	3805619.54095112	20859372.9951557	13593452.0852032	9151098.99707839	14479103.769319	3910875.38578125	13709474.8637086	29594988.2407281	39187591.1263249	45274877.5971343	23129004.4442264	28882709.0277466	9782689.14283448	12230431.3025204	7180579.81270268	1634440.25865335	1435097.94035872	1338329.12789842	1889664.53603326	1318437.88460726	6551481.58389409	13687577.7554775	11706151.8259753	31290107.7860782	5359874.77225498	17430082.866453	9129805.14990466	2247162.33939189	1230471.07097418
95	M336T369	35.9188669329285	-3.12554579969289	0.00804078752496573	0.0314309448221295	336.229134563235	336.173740301312	336.289975534715	369.27	368.225	373.951	14	5	9	0	http://metlin.scripps.edu/metabo_list.php?mass_min=335.08&mass_max=335.38	60239054.9718389	999076.330796274	165411633.342944	157093646.987635	1818902.62340691	1162926.63526442	121632533.978889	1546428.15611411	1060214.1852651	1568483.5639216	1298238.98900616	1228970.38601935	1503325.36202348	28990854.7802818	64998506.6943647	1550665.26891361	155410462.226325	157748187.955697	1550691.34067314	108004023.60238	111162744.0919	10755020.2914396	18798563.649058	36691102.3406793	1487503.18184332	1292224.74126282	1138759.16786295	35321456.7170018	1865115.69766519	1652974.49336288	1345470.63317218	1285573.184942	1528228.61185817	1022936.29387996	1513160.25644634	1571017.34462986	792569.756195665	1071495.72759746	1802781.98965259	1640692.19523272	782050.427821221	1778833.70278899
96	M267T377	2.12053912703162	-2.96914455907567	0.00810136607053558	0.0192903838905812	267.136641570867	267.057420660601	267.167105929613	376.5905	371.714	386.258	16	6	9	1	http://metlin.scripps.edu/metabo_list.php?mass_min=265.99&mass_max=266.29	22129181.8653266	11325175.901917	21314649.611754	36040481.448939	13747275.5494616	20214625.804794	17517729.8962692	5089691.8478453	14060641.1880783	10134287.386878	3354971.47369589	6882311.77423344	8216236.37187802	8730698.75833152	14449188.6410394	14198225.8851489	22675132.8350143	40360630.838824	11709993.9175165	30384358.3828125	26924787.9161768	17239810.4886446	18511770.9166191	28013453.0920086	5848629.93838016	6223118.6195462	3686736.18284866	8671807.91880411	7603584.18374311	5229310.13302816	5006876.27483816	12979586.093883	4564314.54779912	17283323.4058554	17448221.5681269	5368083.28478354	14119704.5477408	6966503.47661892	4531304.73728861	8421418.4683564	2469530.03816966	5382940.04135011
97	M199T156	3.32062911431711	-2.95492102259806	0.0083053398001518	0.0432892191173095	199.066409531506	199.050614136504	199.128447680564	156.406	146.54	178.895	26	11	11	4	http://metlin.scripps.edu/metabo_list.php?mass_min=197.92&mass_max=198.22	64746076.4292375	19820592.3167738	15002494.4535021	18134736.1878774	8140317.79435495	7188142.5462676	18024940.2451375	2220171.68139137	65147778.9209026	5704888.94762024	13694742.1190107	8312002.54943576	11869842.1919556	2379156.9071923	51236827.4456879	25153253.5792213	18216337.7730126	26622620.4955595	4103929.33937571	4896579.27451378	26861831.5375723	7694237.78214399	48519398.3290842	19233816.2901252	31228007.4214423	7131051.99315302	5621233.09945598	3118580.53843348	3654532.16146289	1860292.16878696	2040008.28046138	2570882.07927687	796851.458953858	4233120.18336685	9006198.3412295	1668769.15468665	27662877.5077475	2429454.72620545	10581502.4252833	15005297.0231386	1570380.84206079	1132100.44133482
98	M312T347	2.39315711751261	-2.87084806259172	0.00841805481932689	0.0161052017727147	312.195752107139	312.126492727002	312.251436629545	347.49	343.225	354.096	38	13	14	11	http://metlin.scripps.edu/metabo_list.php?mass_min=311.05&mass_max=311.35	91025718.7255663	50306298.9725028	42105667.7875547	85357425.039911	28852008.9473241	61483217.3028612	91490136.6908396	10479912.2486527	146203062.953847	30402334.4930843	32210625.2470535	15068876.3820239	87373337.0917642	58966637.6994253	81284505.5340566	77798756.262256	57191189.7842594	63082409.8145746	41951117.8353474	88682835.1911353	182173248.421597	38397491.2803522	166504276.490595	119028644.755642	136573132.103564	20000907.367979	16352441.690209	90054946.1869126	9727440.64915965	3753915.2039409	7641625.38218004	11035692.5871026	5523109.67581374	63394472.2327819	106762737.909213	28743097.1977107	117237456.355737	18922270.4104597	58844948.0250744	42703028.4844343	2768894.67545454	15627685.2439051
99	M242T165	2.29931423653626	-2.85743122862758	0.00873307842667748	0.022542785518701	242.086061034608	242.061451994268	242.144959573275	164.714	161.013	178.583	34	12	14	8	http://metlin.scripps.edu/metabo_list.php?mass_min=240.94&mass_max=241.24	38850609.1879964	20406221.1358146	9429813.19494444	18298290.0201752	6862145.97435423	8109843.65119995	32870396.7546298	9645266.95718079	40691663.5059537	13604828.0682421	14276368.5074948	9099438.66493895	23341186.3024397	4887217.96358671	30957678.832121	28974296.963958	14589782.310626	19697389.3774414	5199578.28018697	11874795.1678125	50243148.0642084	29882923.0243754	36168835.304169	35497697.950792	37375971.1967739	10572579.6410107	7629136.29102236	8687449.09445517	2319052.43449575	30270699.870125	1687724.0312876	2315732.8691155	779248.574014165	7842180.28704942	19923893.2447667	11155790.5693268	28741271.4719301	6016980.96866488	13115295.0863201	15747874.7795123	1268476.81120338	1184862.92178434
100	M358T443	2.55765796986177	-2.90319544978848	0.00893434402090421	0.0558873131607567	358.363450947294	358.300800573063	358.416331788635	442.608	408.212	484.262	42	14	14	13	http://metlin.scripps.edu/metabo_list.php?mass_min=357.21&mass_max=357.51	104666350.810475	70075328.5852083	52502880.066245	382012496.627973	61903583.9228736	39738033.2775345	328529403.226719	20108965.240566	156480655.208086	52478270.7683945	73795629.950334	27672599.7072312	75071010.2994128	31135815.746144	137840897.995685	105768354.63248	97671678.7004704	63569260.2893479	50070562.8854333	134761743.63906	400674389.281021	241362484.942937	221440020.806894	146952268.190972	132648553.297844	37319345.0437701	66083942.7360729	94341147.789469	18057982.0977003	27105819.2346377	13762431.2197137	9746972.09658931	14585206.8169911	53758865.4029928	132756266.658771	60081772.9345179	162370383.972431	50239904.4783545	116919180.880391	66281526.2945987	12439285.685868	16688308.5968836
101	M247T385	3.12348845767145	-2.94734444611242	0.00913618981522735	0.0189331383664165	247.153643968296	247.075809867437	247.21082370682	384.998	371.64	435.498	37	9	14	10	http://metlin.scripps.edu/metabo_list.php?mass_min=246&mass_max=246.3	75053994.8997409	26151809.7116015	72955657.1959323	202159657.317399	38513421.1401084	71054202.7044544	85626235.1158968	16886126.3566128	109784735.984383	63197407.1050286	10382947.5819778	22671278.0805925	51857377.6087028	17289072.1656398	51861152.8275842	35103115.1067418	77068534.7229023	205742042.53437	33832570.5882683	177975738.589987	105891851.732432	112768656.196004	89439308.8900312	158353579.13749	19023033.3448286	18899161.3573943	11031713.6119371	21540558.3763475	13412098.5866064	6008395.97732442	5270458.17418223	18377083.8790852	4110636.65256076	78530344.5490606	54485549.0024999	13957082.0978813	51721555.2171784	35895612.4114361	14762303.7141666	53596029.0467234	4599468.80771169	3376519.50496539
102	M228T313	2.42303582591123	-2.88861165938308	0.00935212155101706	0.0267069260714802	228.037507629025	227.943435267447	228.05156671218	312.956	306.103	334.993	19	7	8	4	http://metlin.scripps.edu/metabo_list.php?mass_min=226.89&mass_max=227.19	15595193.9854405	6897581.78223776	10374934.8649676	11121048.4766219	8408543.94540792	7047566.20153265	14231856.4053946	924367.546895884	3750345.68885737	1292674.08713222	1840654.65854001	955936.287761181	1989336.32758368	8840042.25677993	13970734.6134215	11916567.3916404	12465614.8360052	14225793.2154554	4331813.30002326	9909734.25827063	19284430.1925516	4289623.80771182	6530654.43056782	2234712.20741961	3903150.69903506	1103074.33051821	1493215.84880595	11219286.5152892	3823260.86812304	2994224.31895301	3274247.86732666	3487833.02502811	3039329.02699784	8379468.41501045	10774557.7594008	1169532.76606272	2969954.6938153	770474.468090112	1790907.63956311	1608436.32082892	548411.849543246	3605711.59433983
103	M291T536	3.41703662868676	-2.90370537720725	0.00940743178573178	0.012009141666918	290.869008921986	290.839247028444	290.943018672996	535.891	482.315	540.568	25	7	12	5	http://metlin.scripps.edu/metabo_list.php?mass_min=289.72&mass_max=290.02	10027414.0459212	1017345.08735632	8750439.7573544	26012068.8859844	309014.128887627	941721.845725833	12815281.8527591	790851.989527562	28575598.2901716	5522762.6951441	2388344.76650196	1114591.54602028	6587326.91583597	17186470.3588599	7905863.27872412	3622330.7866649	22333188.5347825	7842038.70460826	1578305.76730118	21084950.1782947	30209473.1934566	21939110.413478	34978284.0020805	45075784.101556	9386851.4266039	851671.273796588	3606573.16733844	34380544.3491824	127420.602407794	240976.995050063	95028.358975934	337103.092107013	1961869.09108335	7867060.63302298	15764805.4404789	5091288.21733881	21677635.5454118	2743522.40665159	9916605.70593416	1385954.67952644	637548.3501231	3792731.69113663
104	M143T112	1.94162240588302	-2.79836320524606	0.00956754915220515	0.0124909582170195	143.070285118416	143.046110008393	143.129668637741	112.04	106.731	115.042	18	6	8	4	http://metlin.scripps.edu/metabo_list.php?mass_min=141.92&mass_max=142.22	5230104.70100035	2393694.2710196	3081099.79236838	4667092.25366003	1756539.35335348	2016058.7731141	2963130.18473132	1771523.80991736	6497489.9323474	4092874.39789022	2705876.23339559	1947129.48190756	4533946.75768787	2594555.66145148	4872081.11495471	4310873.29904119	4912056.06218339	3572890.42660896	1997401.15874417	4324640.15132737	5742239.51369357	4906225.897003	8393210.46749257	9823084.87856014	6341842.64037949	2589874.57509049	2295043.92073444	2790979.74940046	483504.798184729	493174.079527041	1022273.87975164	928996.08841052	715133.138193045	3619786.02183558	4288495.19240269	2362243.20586879	7668685.46424492	2804808.4092346	3920208.13804102	4408256.73853528	689710.331742996	1036253.2338204
105	M336T432	2.8016878568473	-2.91556898448048	0.00967462706189748	0.023635732411253	336.285673609947	336.18104646669	336.347450121654	432.001	425.675	434.73	28	10	11	7	http://metlin.scripps.edu/metabo_list.php?mass_min=335.14&mass_max=335.44	39585672.3069017	8248771.87081543	3339542.95991723	21123439.635473	9200525.02775026	5231904.12576383	8209257.65457329	3349329.90555907	32970362.9650804	19787422.3261906	8580647.74195691	6074817.76227687	7175648.66603866	8227255.82518821	36097794.3871175	8421309.59595005	4977653.52433631	15645419.6312212	7196527.70210541	12841504.2925476	12472764.1179782	19781293.1658034	37286218.0400549	52476060.8801788	16174478.9693749	9967864.35253223	3700504.38455671	21338189.6863357	4116317.92167309	2097765.73958441	2093682.29417704	2556915.48444559	3205762.56670009	8042856.754862	6879084.37155845	6015992.16834096	22091185.4699395	11444353.6972766	7779864.51163287	11370995.5674281	1601889.41719953	2925450.10661356
106	M379T382	2.17388614450933	-2.81546656323525	0.00973552658401822	0.244335327779768	379.229527379756	379.104557313211	379.270450820406	381.775	365.347	449.58	33	10	13	7	http://metlin.scripps.edu/metabo_list.php?mass_min=378.08&mass_max=378.38	64664471.4722688	27598828.8497718	20347528.5086577	56837828.8620301	33276063.765552	48038644.9820524	364106676.361373	8771856.79465102	42455034.7830536	19953670.0717992	8678676.03038211	10814938.3354155	17589541.4893091	15946702.1732335	35415631.8843906	42837112.3145284	19704238.2808227	88357058.5474062	29387730.4898425	62252960.7890276	26769449.2696157	50778884.5855381	61397181.0636922	46436891.1856393	20012768.0993098	16407758.5894375	13122858.6245152	15527456.6717436	10553636.8664189	4802541.29320296	5281133.04971484	16982688.3638599	6201006.10838006	52816487.4910746	40996913.4293139	11421067.9490435	37459666.7238905	16826600.1920462	9254717.03754552	21763492.4498785	3953792.89377016	4756934.77508538
107	M565T208	4.07480610489337	-2.89991651510094	0.00981763070622299	0.0119206798258587	565.258846792614	565.176244572714	565.349463117903	208.112	202.427	211.006	27	10	12	5	http://metlin.scripps.edu/metabo_list.php?mass_min=564.11&mass_max=564.41	65456945.5548854	18764300.1289958	2875815.56272485	27501692.8196221	8733971.96948094	4622620.45502287	37339658.129943	8895724.3522446	116380520.397713	22230239.7371416	31840753.7674986	15713912.6459151	49685922.8305428	10040273.8004198	63028415.4180079	22068442.4375994	10629737.7557346	41508953.9194699	3844720.92523611	23497722.9761934	160303176.115371	117639037.323627	130679599.289859	95517803.8736139	88690811.3561855	13974880.4505598	10465644.8465684	24752758.3730087	2194763.57067226	1206295.83041502	881025.60340625	199682.491576315	405839.1871875	4198901.24942835	34988845.0683194	6937286.17883042	75139557.1768719	13646271.7787552	24670647.6373255	32479105.3961727	660616.785477941	339649.482153582
108	M543T535	4.66285719393584	-2.96587594075474	0.00984467456170224	0.00912054208363205	542.777739611211	542.720579326033	542.833429350859	535.24	482.645	539.777	14	4	7	2	http://metlin.scripps.edu/metabo_list.php?mass_min=541.63&mass_max=541.93	5586423.2209671	815316.803175002	5385107.27907215	33131593.4591531	440429.508676655	1399283.53860947	10023830.6450625	508542.420824497	31997157.0429534	4513565.46365693	1366589.45028701	695738.268683594	7614640.36359777	15608301.986452	6059000.98400369	1598867.98762868	19789971.5966778	4579315.34205883	1284048.85729453	24792532.7060157	38392614.629964	28249834.552237	38224788.5330083	57154593.7187948	6844391.64561892	444951.824852642	3899632.53993369	43826815.725215	302549.472904413	313400.405109374	180187.387515276	491439.643394302	1848987.09910616	5938166.66014925	14955813.6067512	5926549.86716424	10926007.1445663	2959197.00453359	10014107.5946929	1473233.31599626	1157043.70342018	2520348.44901986
109	M207T535	3.04294038693065	-2.85424186179814	0.00985015699611247	0.0165620710993123	206.836800355747	206.820898352095	206.859143801956	535.289	481.986	540.766	26	7	12	5	http://metlin.scripps.edu/metabo_list.php?mass_min=205.69&mass_max=205.99	7219556.03719269	1798261.42630862	6410703.71882666	16123778.5063757	283546.461879995	1882848.62189046	7781769.84101564	321242.248616771	21126770.6404094	3885942.71830435	1395957.97570275	719086.033067483	4752754.69392443	9347752.26702328	6192233.6983074	2755871.78288072	13073453.8468853	6116946.44626407	1902274.67855347	12880329.8643345	16003168.991183	15628580.7048753	21142404.1970233	28829362.1641165	6027767.88723131	833134.81602397	2965460.05951839	20923771.7684309	194708.629540881	328883.249741804	141816.40149034	825190.730665494	1751042.26681478	4596481.22524966	10249179.3700583	3530880.29207449	16207057.8750754	2055460.64686477	6526649.7928011	1278067.31448884	759571.704595467	2582878.66796281
110	M153T118	2.38797253381191	-2.81813080587341	0.00988632332061146	0.0228666807142702	153.04247165598	152.974847825325	153.077131929101	118.279	116.844	120.259	41	14	14	13	http://metlin.scripps.edu/metabo_list.php?mass_min=151.89&mass_max=152.19	86869746.0515837	33945488.9496897	19565039.4820949	70596909.3609336	21980689.006704	29851007.0064318	28707614.9889455	42368877.6880581	109822534.046966	20702544.5895425	32466512.3334773	24405986.7778319	59968395.3852542	5427973.24719215	70482489.5179717	44827627.0153478	29088728.1645312	49173029.3988612	13328510.6816651	52687472.9238859	81580590.3045233	144606535.307379	110675313.344452	43155331.3847592	88984968.7914039	28465077.3287653	41837099.3944702	15011645.6498992	6673061.20995394	4521702.22192744	4207862.19626958	6785539.22061056	4058469.0880265	31302422.7526938	41178667.358477	38476829.1485469	85140885.2224373	13478524.2509263	43891789.3115216	49755377.7011847	7353119.50061149	4010667.3343342
111	M291T778	2.57971782857323	-2.82516316471963	0.00989650086113647	0.034923926593901	291.17421921547	291.14492191188	291.218917229225	778.24	773.846	784.572	25	9	11	5	http://metlin.scripps.edu/metabo_list.php?mass_min=290.02&mass_max=290.32	17628929.33292	6972391.55910607	1761206.05127051	14406156.6228109	2809012.71003046	8391807.35219288	21216616.6463164	2217290.23212395	28788795.7688363	6714242.21607347	4804856.04516996	1173415.42878888	10451293.0625812	2458800.20390625	17781982.1259439	12055124.8919186	6455541.44832188	10764966.0341335	1904946.09112372	14823636.9452597	12128112.6544853	35306947.3939663	16638002.4743849	16727806.4758837	19376219.240716	1538255.12466298	1557526.62876106	14067342.5130244	1259040.97880234	595506.910088891	873594.954280075	1082957.87181248	956865.4558071	10451449.5920643	10829887.5372031	1412010.63611056	16194463.7025198	2074234.06803477	11111379.1318449	11415560.7055448	631736.483798663	1323025.84110547
112	M185T110	2.27940848848998	-2.80127475266492	0.0103133289013706	0.0245362749755118	185.089254051706	185.058463831702	185.121156802396	110.2465	106.111	114.889	42	14	14	14	http://metlin.scripps.edu/metabo_list.php?mass_min=183.94&mass_max=184.24	152458407.17099	50252872.3394222	54732471.1816472	104981829.401742	23793325.0031568	43887526.900146	47350814.4323515	19232579.4248199	166430343.487799	46309153.369238	118151138.117309	55330336.4901203	70505859.3270713	40266522.0268721	130412723.345059	62708984.5311648	76485344.7752265	86408647.8370208	13476701.7817339	82132344.2592358	97173272.8889199	57534611.7473593	154118150.67185	108478883.851845	238548754.253227	62546748.079474	32011160.0292015	55545496.8637166	13331046.7877926	8257032.71574164	13197557.6125884	9620015.12158394	6754342.42962546	58784125.8346835	61415262.2426724	25215560.9124357	108430390.225406	42390217.4502302	105549708.539104	76938147.6089904	8926838.35503417	12903863.8839235
113	M171T170	2.77041602606224	-2.80667795925251	0.01060065301	0.0555826646889967	171.056508288869	171.000735986964	171.070461687376	169.5175	156.703	227.088	36	12	13	8	http://metlin.scripps.edu/metabo_list.php?mass_min=169.91&mass_max=170.21	145106275.159465	61639282.8419252	55286970.7898882	35424607.4982353	29238977.9245705	19236581.6249897	45790573.7635114	4836921.73991497	240882281.376006	32578124.6553796	52923610.4982758	39364608.8652057	64274649.3131979	9855674.1261709	125411650.935822	72386743.9665116	51907675.0326332	82238167.0285423	21608764.7064166	25709056.8809238	64388447.1373138	40467399.2745236	199447807.091359	74656028.5172074	137838475.420242	47602208.2296201	33894424.0254502	12497506.5156547	11700483.081798	5345713.16707824	8719683.42055054	10496399.046863	2773889.28672237	17528975.1365574	49193347.1043914	3712475.54390721	97865975.6655564	16118186.7653219	49924003.0014238	74718519.0366137	6393994.93866185	2875026.61429088
114	M125T111	1.85255654663728	-2.72720124673046	0.0113435653096912	0.0196901470954893	125.128524627133	125.11265963494	125.206548316851	111.0685	108.991	114.094	42	14	14	14	http://metlin.scripps.edu/metabo_list.php?mass_min=123.98&mass_max=124.28	46660857.1293593	19743555.0685681	27849549.5526976	54135140.1409456	13404556.9320676	25083562.3730519	18134537.2724306	12088832.4074543	34128241.3498699	29476797.4144058	26531162.6837992	15749550.4582947	39135895.5355408	22156746.8846685	40174802.0131177	26310601.3676897	38051565.0921337	29221349.5888901	10094635.5413289	43488271.3486286	49597187.3342524	34224178.6292574	50256769.3626433	61876636.1677119	61876885.6778593	18971659.8639224	20526785.0405484	30985654.5951562	6054151.52370072	5741460.32180902	8288529.3955053	5536166.32528611	4577754.80941708	32285067.4113254	34838570.382623	6899448.61046613	55015732.0353117	25343782.7846957	40806836.5355797	38253112.082137	6423878.53126832	8284357.79703573
115	M283T204	1.81674206277487	-2.71040016060063	0.0117532052804723	0.0207317684393817	283.153078239642	283.085590761572	283.221785142423	204.299	170.144	210.87	31	12	11	7	http://metlin.scripps.edu/metabo_list.php?mass_min=282&mass_max=282.3	84391533.5783334	43683278.5891526	23805833.2219062	65361826.68946	33466358.2984382	30436471.6297708	75285933.8915544	25754456.1727241	74130225.4230931	21214133.3906242	34603397.2400911	19357193.6703521	28993774.866089	39360188.2426863	72832757.8443052	52211853.7248454	67617560.8806388	60911554.5559443	25997590.0872	51867097.1112847	106225269.948624	86903392.4344374	86929710.5405613	74959460.8692325	60022919.6705809	22745893.8907402	14686388.3566046	79008728.2750244	15175100.8134803	8657546.38881592	13309235.387851	12602121.9301934	12306980.8315536	46064144.820872	87377363.8828979	39823581.9505403	83024567.8585804	28113221.9364048	66549172.6861511	39087780.7214677	8349127.82871272	14542272.9877092
116	M136T379	2.67466444360379	-2.78307293140609	0.0119425731825473	0.0151726994310279	136.062746630673	136.014642904666	136.12189069654	378.756	371.968	387.657	32	14	11	7	http://metlin.scripps.edu/metabo_list.php?mass_min=134.91&mass_max=135.21	22073187.8764629	6563231.94129809	17776739.5631875	52912662.1950078	11049958.9869896	19434821.8843605	19390792.2217137	8765868.14568353	17938288.1771518	35031925.5534964	4431735.54204548	12999860.5300302	25446044.0418882	4246256.61924764	21520566.4175302	10700238.3327572	21931856.6734193	50275553.0325419	9968616.21140237	43730607.8340372	27770560.8780317	48408393.5659013	69548755.7506853	73577940.8759664	14160829.7241065	15752372.0369826	9765961.1637778	5255219.5850501	3260330.90551669	2483355.18053116	1531178.0287485	10780635.7414502	2286907.88039023	20536811.0904853	17080659.7983399	10610437.5365622	39367714.2886025	18949206.7975226	7417854.87601369	20935351.5973234	1814689.6407503	859057.740217889
117	M286T252	2.55265360483557	-2.73525002470106	0.0120182354546663	0.0201506589109946	286.146040755207	286.060831080899	286.167147793071	252.403	250.956	263.337	16	6	8	2	http://metlin.scripps.edu/metabo_list.php?mass_min=285&mass_max=285.3	17793255.07925	10193895.0375121	7131459.42086658	24719304.6811158	5987225.00047293	12985307.715098	24759091.5503999	2689688.63123661	18947712.1304462	10111361.1948315	5627068.15640589	5072634.47112539	10815141.5914197	6843629.68960503	19412794.1519736	15279254.8445192	6918677.93663648	11304127.7544947	4112792.64323009	16965292.9670568	42098478.923036	13579536.7191993	17627984.1992201	22771228.8672461	13688546.9061127	4803631.27469201	3836317.51201104	7788607.77842434	1769251.31891385	1484065.79938319	1243407.87275292	1369418.49416674	1005748.05131507	9443535.49779793	16083663.1601516	3343766.89905414	22143652.443813	3772854.44276436	7819864.22547376	6458718.24888006	976874.890314352	1508381.90482225
118	M400T479	2.09264818919766	-2.6958896124685	0.0136277921322543	0.00596282088892339	400.374241739943	400.349312613374	400.424970990122	478.74	469.186	483.083	25	6	13	6	http://metlin.scripps.edu/metabo_list.php?mass_min=399.22&mass_max=399.52	16109393.7559244	23417618.7070903	20100636.7891679	7416342.92784109	10798523.5774851	13259987.4155673	22649146.9542375	8278863.68999086	34054515.549903	17072985.6555289	10018141.3058594	9325423.74598844	21538318.2956462	14271377.8015498	23239167.4786963	44161027.9498524	18110088.7455563	21223504.54125	13276613.8087486	17117759.5592208	38745125.9835884	56580583.1828444	36529148.5142522	76764686.3264987	36466495.5430451	12477967.599158	12995959.6784018	17076089.927	8444657.45328044	6977963.35270579	6944663.17927735	7552998.22074884	8272259.74943422	21343695.4427156	31127221.9148891	9787082.51409353	43698698.490839	13521440.3807102	15060723.3281434	16516215.8137662	6159341.10101624	7572317.19541488
119	M124T902	4.90877220438363	-2.72893256305186	0.0142326541028885	0.010902722388756	124.12280001734	124.104681855245	124.12782424548	902.243	888.998	952.012	17	5	9	2	http://metlin.scripps.edu/metabo_list.php?mass_min=122.97&mass_max=123.27	39058654.3794448	4331043.10935039	1188827.96056199	29271305.9618736	2476188.61531334	5877073.76368237	19040278.6869169	1048796.78989439	14728990.6869309	4078590.32506159	1669853.13677767	10019000.101571	3215054.61291439	1187108.82741118	30556335.8175728	10556441.6660464	4297032.23727659	14449252.5137849	939679.303580651	11524897.3040326	84529513.3875321	35372538.1939033	57614708.6695081	52077852.2676546	21879347.6110362	11388774.8290072	876835.765315929	7936990.84530551	919580.666942756	1048246.26925695	825368.2521238	960537.472418168	919318.891609834	2990112.65811625	19696290.9260661	796110.419737748	35222785.7705124	1328477.49051069	1965469.7127219	1850834.94562338	547500.580861177	1008030.44220139
120	M217T721	3.78156068106387	-2.74649420581053	0.0143173289160816	0.0101657280029242	217.145240600774	217.132108050292	217.165963956416	721.18	714.245	739.321	37	14	14	9	http://metlin.scripps.edu/metabo_list.php?mass_min=216&mass_max=216.3	33945272.2084271	26140087.4057811	69157596.4876621	201927187.428342	22329154.6465413	27925698.9671083	205501865.920019	42453098.7700882	112664581.064027	67589114.7152072	124930691.049963	29983843.0406042	22569937.8319964	106434838.530463	41849264.5088878	37516935.501344	105986763.781248	73825955.5489858	18503692.3251521	40243236.5922345	488191079.33441	268841324.874142	249798821.631302	312941896.609223	367624996.744371	40458017.4453659	11938806.1481251	210910665.938053	5401929.36525851	4723596.25498226	20719082.3873089	8072040.43232024	4607340.65544971	18033964.1911901	193896994.761754	39949408.1055616	88702383.9646874	40107605.1979269	93786141.371099	54178415.1841825	2000151.69690557	25740304.6854918
121	M180T349	2.41784630341973	-2.65138070869361	0.0143458333957924	0.0248900907363914	180.058375616789	180.047253986043	180.069537973915	349.487	346.847	355.292	33	12	14	7	http://metlin.scripps.edu/metabo_list.php?mass_min=178.91&mass_max=179.21	23009123.115346	11868396.5118447	11767831.6904895	20711592.0103125	8235921.91672895	15630711.5112076	23358033.6614067	7633724.08023932	59636835.7882166	13953130.1779859	15102691.9443572	8138795.44401776	39458707.3497486	16610684.971821	19983076.7037513	21150062.6912669	17001714.115047	16453783.4286164	11846175.7574258	19345411.6540012	39798315.9404615	59901289.7241191	69786016.4091379	51864943.9549942	59027401.9697431	11691122.8332273	9534104.83452111	19944318.2962462	2861959.45438083	2062133.83228715	1324033.11697894	2380248.96840836	1928505.87428572	14319675.3113147	27387857.5778857	13985774.7564106	48657430.3482079	8186078.34860935	27130089.998073	21040362.1123703	1337310.78673094	4137539.71773317
122	M224T163	2.76576262365673	-2.67297460164202	0.0144192747880925	0.0412968941094291	224.060821519364	224.044870515803	224.131178074989	163.407	160.26	168.791	25	9	11	5	http://metlin.scripps.edu/metabo_list.php?mass_min=222.91&mass_max=223.21	16695692.8423484	7278387.12697919	4149207.22448912	7599245.38536841	3289067.79632287	2838557.13437193	15650460.7521173	3664181.15421094	35264497.9219193	8310181.45980498	11660571.0620205	5717617.88419188	13457833.8585183	1967066.22832861	13895397.7199703	11810471.5244249	5545412.6619437	9121709.99645664	1529309.67739378	4127396.56860351	21102610.4152194	14225084.3566775	30877575.7122628	25744785.3689169	28279398.8898269	7494849.60955304	3552564.63256264	2375947.12455285	910861.701795777	637335.026918835	1048512.04709333	974999.203197551	1018249.93469988	4096939.72982332	10434695.5820094	3100057.79555234	20426758.5132579	4852157.93629446	9510237.18854597	6481458.75070174	660449.955413624	814002.404684647
123	M150T646	2.35108849251987	-2.66870866619012	0.0148330357930653	0.0214477980931255	150.051622604524	149.988554454739	150.063652707036	646.24	641.782	651.001	33	13	13	7	http://metlin.scripps.edu/metabo_list.php?mass_min=148.9&mass_max=149.2	4847168.0655412	4072644.50368335	3204966.04411074	5457696.78007581	2199551.42926485	4790173.34657936	5268315.85714372	6889435.99369634	15580870.9791225	6491904.59359246	8988311.66232134	6233157.43725399	10023254.6522702	3566641.99101758	3932614.44178296	3723682.1144279	3039556.48734048	5041975.93257563	2878043.27346204	5795058.97535557	6745873.89155711	20234685.6156403	15356222.6241364	12199100.5993818	16171491.0498325	6538666.91928604	5164667.27293698	4186972.57295456	1190709.88577069	930340.599948817	1157729.37340582	920219.737577042	607152.388073276	2440227.32728502	4470001.42132288	5478900.40082231	10498235.2441906	4896609.40711907	7133429.23250623	5268436.48730827	1010986.68364146	1212859.12376723
124	M300T434	3.02588197211941	-2.69878659300229	0.0151077747735258	0.0174663735812805	300.314998121838	300.27891427358	300.344821261513	433.8655	428.444	437.925	42	14	14	14	http://metlin.scripps.edu/metabo_list.php?mass_min=299.16&mass_max=299.46	220479587.954337	72377640.015194	46800449.7047333	165249879.128072	70038548.5086848	99114305.1522603	56744491.3061304	64846068.7140551	203126831.273897	241557594.269778	311170811.921116	55916317.2692198	71580662.9457615	46306472.3089089	231981029.979327	73900484.5637331	90218315.0948698	138694355.415101	55379930.4417642	207550776.604397	154486812.910273	349457203.402916	186113897.313146	664455759.036888	403645193.06592	65196907.5943711	37693610.7985871	138930051.237167	20564505.0707194	12503092.3550793	10676317.0231046	15683320.5861976	14278956.5428516	57756830.7183451	86413839.9937274	57792204.0275495	126377311.669177	173378797.900545	236091102.40001	84315913.4556464	9516058.62764315	19243109.5160808
125	M297T584	3.98949465523981	-2.70685493381215	0.0153579011096752	0.0265015697551143	297.132018113601	297.111700540073	297.170219028667	583.837	578.968	590.99	16	7	7	2	http://metlin.scripps.edu/metabo_list.php?mass_min=295.98&mass_max=296.28	43016721.892726	25717429.0682825	21853544.9075537	5817827.30527678	2552769.60875511	4187564.50871778	12453527.2236343	1962157.88433961	27104928.9604722	5758776.74963537	48724566.7341984	32120043.2362988	5707631.44306846	3724359.60738934	41526465.2221245	21696086.0540105	17672849.2097751	55364680.7731464	1823649.3257251	1899763.78764453	7737177.4132011	2392524.03593016	30961356.1348025	2406657.95513595	33833186.4771084	30255947.0774423	3647074.39580425	3071474.26178027	5358549.41712109	1499154.9524527	1493479.13440926	3831043.33291799	1341200.56483594	1215753.01330014	2416427.11030625	881238.027908091	21837308.7352446	1007582.80630884	4376013.21835273	16131822.0635576	877851.47349406	1472200.86382502
126	M479T667	3.15705333844436	-2.6541925884867	0.015462863266376	0.0127331223837677	479.352581491452	479.293294838463	479.414236783431	666.8815	654.911	682.034	16	4	10	2	http://metlin.scripps.edu/metabo_list.php?mass_min=478.2&mass_max=478.5	49668768.1565202	45495809.613601	4752295.66890695	36919104.0960519	18498783.1112857	15429209.7635575	37378257.3985021	4120417.23356526	77589389.6631183	14373562.1964261	9974425.46953731	5335367.14654209	10872246.4707816	10202689.4615382	64966370.3006499	73645698.0182276	9566064.81511859	49399951.5075117	8975668.4270159	30459871.3159755	167633779.179589	65072922.5600765	99140236.6911407	73785387.6268819	36382771.0375616	9216164.15087011	4541511.18584994	33596132.5046354	3956355.22452212	3163355.02217425	3378907.01495409	3528958.51718721	2526672.77740542	18838087.3931467	50651485.7671796	4311631.45409859	79334400.4703468	6634393.28406993	16902430.9933015	30782499.6804729	2676853.38860157	3396407.11256522
127	M268T276	2.40316801620087	-2.61074216086297	0.0155766318200374	0.0277883138112264	268.142130146831	268.087769621718	268.15621589973	276.434	271.891	285.314	39	14	14	11	http://metlin.scripps.edu/metabo_list.php?mass_min=266.99&mass_max=267.29	44364417.5753303	11587776.6920518	17829150.1244336	78496465.7687321	20316578.9725481	27583325.2797092	58941138.3070071	20182699.3409049	108401551.119912	43708305.2479404	24104938.646424	33909824.5064488	67747158.8450885	21720613.5402742	40358237.996419	14618183.570684	37171263.4629684	62636958.2534405	12509772.883129	37715388.6266646	151139036.357571	97744738.8304316	117347203.633578	110422146.537	42456948.8057298	43326481.8301101	39335775.2283758	42430575.4375359	3814357.4080986	2519198.5763445	4731303.05381481	6049259.11607218	3390916.9735065	26433823.7011543	73656272.5236238	20812323.0749847	93137860.9910248	30311669.8840219	22184169.6795523	54871647.5026316	5363041.61572333	6096332.01393489
128	M154T253	2.48392844152405	-2.60016600346744	0.0161107467140864	0.039036205324707	154.03193466977	153.985759013732	154.054277880117	252.572	250.33	261.961	29	11	13	5	http://metlin.scripps.edu/metabo_list.php?mass_min=152.88&mass_max=153.18	50333727.0611295	13882529.1004006	9196222.08710474	40735094.0228821	12560224.4298956	16753210.4985	42466419.8295376	4632588.73991927	39704381.0276993	11019831.5266267	11048043.4430116	4495902.60763451	21788115.8503109	11966363.6599412	39634548.5945391	24570431.4942174	12919154.9190093	26490988.8699772	6690479.23569539	27224886.091699	77379366.4704418	23974192.1243151	37879384.8308515	30773471.4247933	24714322.4828309	6795979.75483647	5730184.96506304	16217354.6919592	3625561.60899792	2150347.05328076	2171645.64138207	2986650.07758995	2049363.02650937	11549334.3006298	35488768.2640006	5281366.04239054	37149871.7574685	6261111.26550189	10310690.0683528	22062297.8825099	1396277.60841277	2848899.6621681
129	M323T381	11.3801636957956	-2.73961871287615	0.0168312422557784	0.0417112882239467	323.162372987117	323.074653831668	323.177190567229	380.639	371.486	387.133	13	5	8	0	http://metlin.scripps.edu/metabo_list.php?mass_min=322.01&mass_max=322.31	43909036.9663379	2524108.90628267	37702777.5417565	73851962.5832155	3315878.12814324	4000439.5959526	9431371.49139729	1699262.95188445	1886547.22428137	1672950.65299082	901867.98994058	1110042.77400541	1870829.39164627	8717771.24613879	40878950.0006337	3521228.62997323	42942291.1552482	80740266.2961734	4007763.09271878	73593899.0255749	29586469.28918	8951442.62532578	3664254.49424479	4313632.76070986	1380281.4063406	924278.048688403	1819008.05748649	12670112.8554496	1597606.73754834	1466504.33968958	1260590.31223172	3081708.04407084	1431836.50310359	5026689.25049326	2622696.56300586	1251351.34069192	2335065.88087843	1765714.75174604	1117349.85630931	1534464.43519201	1285513.59047948	1374879.66645848
130	M105T150	2.92960575357585	-2.63309965464179	0.0169465917124456	0.0443536937243771	105.125156412304	105.085680819902	105.15677471886	150.3545	148.274	157.902	42	14	14	14	http://metlin.scripps.edu/metabo_list.php?mass_min=103.98&mass_max=104.28	365542289.113727	124980123.683026	56050653.4158761	121711825.236367	38125260.5603097	73503054.3979656	273407157.337977	42383472.2548351	187607017.398479	26839256.705857	43189505.1162376	41222450.5308699	45596796.4928293	15572060.1890424	312806188.394126	135760969.142565	48212710.8461397	356033923.796571	30465385.9704275	144180527.129589	406253944.235003	144659580.847274	249646110.505151	57441837.5369245	122400606.828188	66788294.5502524	14734308.3992448	29828667.4738871	38242271.013354	12462770.3436836	13336268.7985079	53234191.2278743	5748754.32430916	70234005.3814781	200201175.199943	29371815.5544098	138442434.110996	12849157.4116377	61115175.9602083	78964639.8310731	2459484.9741571	6716096.46222474
131	M257T246	2.3395456033483	-2.55994630691096	0.0171559261707412	0.00839316970344652	257.143231812663	257.083783073585	257.207533038541	246.042	243.733	257.524	41	14	14	13	http://metlin.scripps.edu/metabo_list.php?mass_min=255.99&mass_max=256.29	67966723.1974293	25140809.6757912	33185987.241795	15224210.6426689	15414616.2352632	20805999.3481222	62167896.4928219	15846191.148856	203906426.529714	70266683.7593408	52968217.4782016	11221397.5998983	104810722.32923	48069040.5922456	115193629.715705	58996716.0049936	55548730.7869901	99244545.6027969	34055448.0615668	80944035.5677598	195714672.279144	194579338.952164	268447747.568558	289093402.383792	193970708.71689	31930452.8404751	61495286.243153	109078667.793994	9382081.15518062	6600862.96995034	6267887.46647922	8812975.72820893	6644473.64168017	51586108.9318227	123912243.973767	50447742.285589	224214221.339541	66400039.8471538	84245721.9416969	111595500.471812	5899853.0096778	8366660.13593182
132	M69T233	1.7514569262987	-2.53615746885039	0.0176384453697969	0.0412988648957745	69.4786630100228	69.4620150807325	69.532216036968	233.059	228.963	241.053	26	9	12	5	http://metlin.scripps.edu/metabo_list.php?mass_min=68.33&mass_max=68.63	6359164.42391762	4129629.88913874	1693046.28217165	4783251.27477881	2479809.60546684	2899224.40993967	4629075.85995163	983357.85217684	7644180.6596328	2950691.81222944	3205898.16403287	1545786.21822888	3545490.98288856	2567999.66973826	5541401.68960365	3895823.66983594	3610986.49712075	4277243.69661845	2603418.92044369	5181433.21206095	7959508.45663121	4045659.96178694	7563866.80126914	5570046.49945731	7056996.05063432	1758973.61966917	1909924.59026795	3947762.58464392	1075378.04182535	990594.774206373	815696.913345556	1299513.88401105	1052988.23540325	3771145.74001351	6165905.42054597	2200960.95108909	7288922.18380008	2129692.99458329	4421178.19025184	4382270.39603523	497531.540791112	976244.089513081
133	M175T970	2.64144071948265	-2.56850765034222	0.0178386449716228	0.0215667058521404	175.11758679162	175.089684374473	175.132829333252	970.237	966.696	972.65	20	8	10	2	http://metlin.scripps.edu/metabo_list.php?mass_min=173.97&mass_max=174.27	9389841.82901229	5514696.48723863	12666834.8486582	21453924.5623194	3772616.57584869	5088664.39764989	20666033.4330062	8087679.41760914	8847134.22946257	11646755.8599191	10812558.1215983	3849163.77073094	4051561.01074796	7749196.35016621	12166757.4078496	8116767.25814778	19743291.8880867	6271327.8124062	3030456.69932317	7037988.30093778	43361465.7962942	21544467.292478	9855627.98754213	24148091.9966385	26014554.5244666	4156640.10097582	2407900.19233469	20974181.0912534	1614928.49698579	1437864.9771278	2845164.40184643	1527303.94023013	1425033.28902083	4224346.13095118	28116474.7013993	5566473.05708727	6563895.35789282	6879468.54953555	8303422.76151041	6172328.05316023	1180919.81494469	3201322.14460324
134	M190T399	5.59279157460167	-2.6799974601734	0.0182800392888711	0.0159228428260194	190.034839740639	189.983106907354	190.049761204422	399.484	393.332	411.252	19	6	11	2	http://metlin.scripps.edu/metabo_list.php?mass_min=188.88&mass_max=189.18	15845998.9353666	2290354.81872803	1959431.24074365	14214258.0046619	3077775.20073401	3294411.31920844	3539582.17966667	1356214.34440071	7996032.8065074	1702969.39160128	1728734.66589488	1359240.67171164	3404019.8242904	2424300.44793556	18603098.3119975	3390237.07779805	6948150.42038248	5300531.28156602	2890672.01760083	13171857.8387503	7286307.82793042	10207921.1792727	7395735.01857149	5605906.25677185	4706714.74969574	1298638.42710536	2256889.19093957	42845685.0001159	903429.553984754	435203.317167317	427953.138179036	573551.729424409	402163.173641532	2993179.05242994	4968879.08585821	1175465.29579227	5265572.78416654	997841.126646021	2323272.0027818	2069372.79176538	413835.654529562	635702.42706657
135	M191T172	3.10402587437682	-2.57297036017172	0.0187079141992976	0.0578279574888378	191.057501933965	191.005663346498	191.100925007643	172.139	123.568	182.381	20	7	9	4	http://metlin.scripps.edu/metabo_list.php?mass_min=189.91&mass_max=190.21	31950317.460145	7557378.65172524	5315219.31778203	4938405.78377545	2363076.28266734	2140982.29375053	22913413.366188	2124522.80511999	44654716.5904909	2831453.18172216	13688884.1114997	11510943.4188367	4271978.07611817	1856992.16302326	30795074.6666549	7684139.08044267	7074937.91120087	26073809.6019336	1973119.23105542	3822062.51219771	40287376.2292101	17035975.6407993	44194769.5570507	7269193.89075072	32329747.8185165	13356317.596689	2661377.69662205	1961132.40016574	2001864.50624399	910399.723362502	1433057.02962957	1574486.78772096	1059413.33146528	2231171.30584766	18073731.8525564	1319163.36907358	10170217.4114008	2368749.1883953	10017284.0032958	23486770.7215338	794540.830297549	756657.113879084
136	M288T438	1.9193557964121	-2.52284089318516	0.0191779471096667	0.0866193106144534	288.281195622061	288.176170729288	288.330444506243	438.057	372.345	458.69	18	3	10	5	http://metlin.scripps.edu/metabo_list.php?mass_min=287.13&mass_max=287.43	81684591.7330185	8299623.33755336	7657697.75521974	34686197.6727539	8996753.92670027	9599602.14417442	6604643.94557072	7416368.72473487	33439608.0438392	14835817.019901	20046007.8546445	14785024.6674058	12931072.017357	13617530.9284219	76204707.2501251	13129792.9105073	17505826.8655198	27386928.894585	9125533.61092154	34881821.8772748	25320738.3632564	41945465.1690901	42476341.0741054	34846143.8289661	32659346.7685652	17302815.6669996	10638716.425	27223039.160653	6300415.82190392	4873477.24744194	2034375.05773127	11378324.314018	4358760.49508577	19785051.7336764	31328063.3021153	19204311.2701668	33642173.6496201	14309526.3264607	22544529.7319995	33529842.2861874	5646658.64978018	5015034.68361153
137	M331T473	2.16090323904787	-2.51742822058775	0.0192084086587374	0.0207088899245477	331.329977042632	331.271984524477	331.353402206978	472.9905	465.336	507.315	24	7	11	5	http://metlin.scripps.edu/metabo_list.php?mass_min=330.18&mass_max=330.48	15924202.8485022	10599890.656369	8333248.22479296	5430997.84970689	10732411.1546337	11473279.0303546	14812195.7706488	5508610.6009173	37985223.3470592	11476841.5853857	6932598.03782029	5504902.4299217	11499239.2292036	8017793.50440014	16114564.4841066	15671512.8521	10493034.5669531	17228159.7252659	8205188.8659776	18368631.2766667	34574161.3212309	39380503.7064902	40224721.7929951	46713011.9037288	18855242.1356059	7568980.17483276	5949386.70950393	10873761.1732557	3805734.91970081	3998142.15698007	2478343.76327375	3879011.30436377	4174673.72297929	14911099.635346	19054059.1881417	7022501.88195235	36592333.32975	6669516.50322717	10496160.0952763	14718540.4230226	2340219.76378098	4165010.92998615
138	M304T420	3.39612976198533	-2.63393655772712	0.0193030586084433	0.0144222231656491	304.228392165205	304.159667984104	304.256799648488	419.554	414.577	428.096	30	11	13	6	http://metlin.scripps.edu/metabo_list.php?mass_min=303.08&mass_max=303.38	60433150.886467	23134596.2053786	13242226.391625	47837208.3310228	8252298.80746768	32338627.0906952	33769320.1807479	7590265.62886264	30136342.5216586	18395858.8043984	11990244.9982383	6896500.34603857	35158092.7644757	13684225.0243537	64158546.3024565	29910465.6293241	21684385.314	183130830.63614	8336270.06391681	56449866.8562598	50413607.9396963	45677481.9212966	51787220.2526593	48028058.0152192	18591710.2135897	7529114.78308824	13992123.2476447	29782698.6770021	7356865.1403972	5144024.02953487	4140788.97040384	25730953.0678369	2422490.29285044	25557247.9490625	27351934.9245825	6892692.41063029	30048521.6400246	15418546.528541	14529330.4363151	13769232.5568534	2893745.00882636	4093547.09086859
139	M330T473	2.4455107661668	-2.50562349384562	0.0196601945985557	0.0237508625478569	330.340548801209	330.290506284641	330.366374038003	472.647	465.996	511.757	44	14	14	12	http://metlin.scripps.edu/metabo_list.php?mass_min=329.19&mass_max=329.49	82123418.5882262	54263966.5693125	32728475.527242	25365495.7611827	36341781.182274	47600646.4719383	77919725.004009	19783212.981008	220952181.198469	79713381.8513488	37550604.225149	30196813.0197995	65149338.7862782	32720841.097914	82940387.6570833	83278534.4563775	53294224.0327634	80365865.5671192	29318487.9947858	80017710.5042169	189936855.593343	234860857.781779	245445375.278799	244890912.402484	117559610.143416	44495273.6009182	32710244.1284144	49295792.9637598	8237281.22861011	9434062.14927468	4625926.18825876	6550775.21671117	5260704.06666115	67993624.9367564	105025123.785133	35502976.4980749	203804582.907399	39765194.3321442	64575523.305375	81120039.0397995	3338485.13295321	6108259.91425745
140	M218T715	4.25333923093986	-2.59212495270594	0.0196711486717871	0.0172032268659717	218.118363486121	218.042050962356	218.155582012075	715.086	661.257	736.97	19	8	7	2	http://metlin.scripps.edu/metabo_list.php?mass_min=216.97&mass_max=217.27	3710684.40563965	1829667.7420422	6197146.6681232	19663904.1881452	1562534.17943971	1444064.97739578	22016550.1010173	3232493.21874812	16451846.7426002	4008790.16326008	7572127.79613568	3732824.80546215	945873.92984874	10655573.7467989	3498019.93177003	2534548.96494483	13197623.927255	5855779.2360816	1236151.80012589	2393936.27705668	55154430.7407581	27256491.983399	22423265.9677636	21336409.0042031	37122320.9145416	3478262.9273306	609016.796834703	22430654.4801896	426261.912485731	493037.240969119	2323578.4812254	596791.217839587	376879.883726032	821640.723863823	21152829.7228094	3361649.55859522	3741347.28932463	3307857.93012372	9099000.53384197	3400163.98492762	137525.985918107	2139165.14562414
141	M112T282	2.474079762063	-2.5038021046309	0.0198383485006768	0.0425154195411495	112.11958533343	112.084345023736	112.14136150023	282.359	250.557	299.587	34	12	13	8	http://metlin.scripps.edu/metabo_list.php?mass_min=110.97&mass_max=111.27	44269458.6725001	16015076.1586747	9463367.8382786	40054434.5100046	9916925.27376404	14766205.8777062	33575348.2047741	13955701.2440427	86749309.8462252	32720066.7716777	24650178.927031	13076490.9524925	50064132.1351192	9658310.86815512	35631847.5769882	17196458.0464446	14755723.4813009	25648289.2639844	6333591.02641804	25499387.1592976	76312989.4290349	68767627.7566251	105087641.711058	64305382.3206387	60023972.71279	16161666.95	20988370.6250218	24239431.4686559	2844020.72474394	1554510.17461118	2486580.55851848	2470386.74900455	1249482.5696585	16472128.6617201	35522632.7470697	16811688.8635555	69802299.1080764	17711364.9799698	12965534.467898	41606594.3342633	2630044.37308285	2604459.63361932
142	M151T206	1.99864426249996	-2.4670275579072	0.0206830200290755	0.0342762042269797	151.039211635116	150.999751277654	151.049539113225	205.5575	203.56	212.046	42	14	14	14	http://metlin.scripps.edu/metabo_list.php?mass_min=149.89&mass_max=150.19	180836812.469636	93125068.6626869	53942804.3721591	130819444.851616	66830513.2947372	67027830.727617	142817589.895285	54742247.8648591	283019524.773375	104387209.580679	101098752.383324	67407517.0577484	151180861.473593	72251555.8396402	155543654.745494	122594252.811765	75784534.7267715	118633367.349097	51189980.9883594	102296023.184074	290973027.961953	274871131.926192	327784860.435397	248947536.447891	230352825.232268	84921579.287981	67717060.3201783	119934312.929967	22635773.1446007	19150895.9212191	19093294.0510664	20481200.3703522	17086901.544451	83347161.3558351	198330181.080639	86435326.386189	267615198.741993	87852828.7850267	134539403.348434	151009465.19343	15305127.4531207	13659743.4417135
143	M176T579	2.8052272416544	-2.48124080558108	0.0208946679654844	0.0316986734994252	175.962100496967	175.943881184998	176.027018444528	578.7265	575.149	582.806	34	13	14	7	http://metlin.scripps.edu/metabo_list.php?mass_min=174.81&mass_max=175.11	31274719.4661015	18276247.1216133	18640613.2325888	18479897.5966564	3822767.48242786	7412264.83533319	34766456.2761636	1979438.46407284	62696722.4749086	5121864.2460683	28008617.7540997	14605356.0637152	6600244.56839559	9156478.64993396	24027709.3160996	17281784.6493448	19284696.0023797	27023745.3357615	2553891.34629329	5037810.54021837	10434513.4500183	3898830.70995565	46731280.5616883	8455890.93178789	34939580.8744529	14593365.387509	4297813.19755217	9160602.17387168	4889279.51797321	1828112.88669058	2723412.77492974	5153864.84261863	498364.378152128	1432032.547871	4983993.1364962	1041023.11268448	34396303.2686922	1459999.93983705	10476149.3391972	10061750.718905	998839.240036259	1234438.48591506
144	M530T535	1.64205979632067	-2.56700388681877	0.0208955816944463	0.0410041501305956	529.539296016109	529.528044186076	529.552691346196	535.234	476.368	539.764	40	14	13	13	http://metlin.scripps.edu/metabo_list.php?mass_min=528.39&mass_max=528.69	159908758.877699	71330515.5292993	117200940.793954	95357407.4671339	51509698.4173607	64128323.5660738	57921534.1062526	32691032.1950151	63142445.1979043	50369947.3333293	37029936.2176023	39157699.03405	61632685.1863477	132573143.794084	158086859.370743	79510462.9059426	185775906.186397	77662558.2160378	87380832.9910889	179913224.216662	78096183.7385973	72722271.713609	47977325.0533243	83886803.0521336	49361688.1424894	41263199.7678833	57181100.4459376	184017336.304422	50388288.9305445	58206875.4493118	48618970.1049442	71465073.9899075	86465812.5928173	78837126.579597	57193451.1585	55491553.2980153	65051217.7779403	49175370.0054874	50913168.9803313	38703055.8992484	36310274.1507182	95314593.9332785
145	M131T151	4.53068968066458	-2.59105785320226	0.0209791851448577	0.0148707492788326	131.060910493376	131.051492908014	131.078241912644	150.943	149.683	158.653	21	8	9	4	http://metlin.scripps.edu/metabo_list.php?mass_min=129.91&mass_max=130.21	17645081.8326835	9014615.86846513	3977932.00400891	14030741.707471	1576806.24119663	7759034.57595056	15998199.3965305	1520345.74887777	20478564.3859498	2238766.22683173	1537597.18622187	4011036.26041002	1177339.97740983	699319.804285583	20259555.4522369	17057910.9555168	2427211.48303293	67402456.5204758	1772842.78654258	26669549.4824314	31234768.4562625	12386671.2626422	28877696.5132591	8812758.72907424	4580010.70262583	7723628.14174994	994028.821832861	1140530.20018653	2276716.9979171	1345449.81395259	442666.386961592	2807287.73794066	557869.900335511	6311443.12591564	12439653.4732169	2096706.64800347	12324985.9012409	1310697.08359875	1565084.8016425	6708080.29393671	414797.968215463	459134.705241699
146	M308T456	4.24848151623423	-2.59848664290953	0.0211199252398373	0.112053662253638	308.265300489635	308.242012981705	308.32598500302	455.918	448.256	458.768	24	9	12	3	http://metlin.scripps.edu/metabo_list.php?mass_min=307.12&mass_max=307.42	6205666.58641915	4016314.72898314	2819842.49516503	5510177.96333735	4193854.24323428	5956364.7083789	8099175.34064199	5636369.4116351	56505591.6480058	8469127.80992648	5903107.30779949	4143045.38151119	70159270.6246415	2557744.35211907	6139881.74648986	5544090.5349129	4809977.52892257	58413177.4675735	4403891.72434445	8996519.02497379	8417940.13006123	39535960.1023106	43091745.8817524	16163700.379144	6411822.91437245	6628970.27938057	13712966.954219	4200937.79150176	957800.300715085	1093422.1572394	1187177.73133371	4975798.74471756	1375554.01695316	4230759.51855403	4306033.71541091	7554017.61083776	11917953.396458	3263518.29944163	2822279.48122253	7543250.71136974	1120918.57677612	957992.793082469
147	M106T150	2.92596006032981	-2.51290403528749	0.021268880389602	0.0588815061395874	106.123807916387	106.088129832091	106.147518543953	149.556	148.075	159.087	24	6	12	6	http://metlin.scripps.edu/metabo_list.php?mass_min=104.97&mass_max=105.27	26503251.4730895	10126635.9705735	3592444.21840956	8656510.58727018	2486674.81853782	4565732.18243991	17475200.840216	1994094.93135571	13664938.5730396	1198531.89055858	2618860.01919131	2200971.43269647	2270577.59898384	1082647.0743635	20934465.5906622	9727475.48753828	3150180.13242165	24789086.095023	1807680.47338772	9610216.38208967	27666311.8616254	8875357.26160295	19873581.2008314	3292422.00361442	8035529.8180556	4095989.76341685	884456.276209799	2376349.45466593	2470332.80243326	764347.706435211	951914.041685848	3147424.96612522	589626.111546756	4863602.39401778	15870674.3155857	1222657.4182025	9968748.50316865	992535.07752477	3048068.2063515	5124699.26304359	129302.030315203	453156.258753895
148	M323T88	2.01736259505985	-2.53470628921248	0.0213674578583682	0.0230142027674931	323.260047162263	323.243369990581	323.31205607185	88.182	81.6189	96.2989	11	7	4	0	http://metlin.scripps.edu/metabo_list.php?mass_min=322.11&mass_max=322.41	17552911.4548828	7412578.01350798	5778717.71270328	10066208.4279701	8657927.8892883	14076572.6456585	13529817.3263259	7576739.13231664	24479432.1012638	26093161.0492129	11143685.0713377	6211538.84596702	9485629.73418416	7155726.95134112	14943093.3919368	8397736.96548978	5641822.20121807	9022332.97094736	5471662.32609757	9659213.44709697	15678049.9565987	10055590.7583798	23638098.8821971	35877217.7082534	10990529.8993907	7038430.07737543	4253206.45382614	10433259.2021772	4359442.35876562	3559080.60785355	3224376.22653624	4399902.61431396	3970508.48159959	8242177.07944312	9074470.50698745	4788245.3505154	15526236.1389712	7643061.41388983	5760308.09061746	7210939.5368908	2967970.73328687	4087108.90491444
149	M426T108	1.97488367153557	-2.4978977510946	0.0220312570163153	0.0172891556131633	426.33535376118	426.279770584408	426.424234529917	108.4705	103.727	122.547	12	2	7	3	http://metlin.scripps.edu/metabo_list.php?mass_min=425.19&mass_max=425.49	18179016.0223368	12336722.659359	12194566.8370173	12751512.1123265	12621453.6572003	11364718.9956822	18388041.4765988	9652738.84030987	34135731.0790762	10207466.1187217	10227173.3807711	9485343.0772471	7515106.30776015	13823706.697756	17443551.0504589	12359403.4360193	13261679.41228	21024758.6698169	9559990.95777526	13559015.441594	46012173.5845974	55039854.7727767	44138711.1772682	25622275.5715914	25155269.4126661	12549681.9656828	7318874.3360832	13835700.4659886	5508065.45267277	7282423.49008306	6547622.60155794	7631198.64830336	6338616.65650362	13817890.3748128	27228448.9338651	12860057.0250242	24683512.9194541	6193447.07401794	12120004.1551994	17717394.0265267	4399568.04649853	8127247.20111517
150	M301T435	3.08045565511424	-2.51366039693268	0.0227146615028693	0.0278749989347184	301.31721735373	301.259913449939	301.343614608667	434.704	428.772	438.724	31	12	12	7	http://metlin.scripps.edu/metabo_list.php?mass_min=300.17&mass_max=300.47	29495092.2387076	10667608.5890906	6367713.84427398	29384894.1582594	9909685.76817301	16092316.31025	7097455.88958445	10026050.6679298	32621876.4952161	39119125.3235802	51238743.8886153	6403926.62299174	8511154.47215532	6290771.27658785	32081068.6734884	9502735.76939844	12672516.9339296	21275533.4462387	9031261.72991423	36625671.7565069	20437304.7276897	50575638.9827344	28689331.3079617	114987874.636937	65133371.1392373	9217330.49138628	5045450.70806023	22781250.7450926	3070639.54497103	2040512.59526032	1747060.56828968	3351032.96982744	2439149.91231408	8716931.50917151	11704225.8120927	7944651.47583537	18100609.9813602	27065900.7164406	37341779.1828047	13644707.5703167	1386468.07943479	3651377.02722619
151	M132T581	2.12907102787842	-2.43242826564704	0.0227779646208193	0.0323512805282007	132.029486091509	131.974351313667	132.045251753713	580.5325	576.253	583.006	20	9	7	4	http://metlin.scripps.edu/metabo_list.php?mass_min=130.88&mass_max=131.18	5353711.95057693	4465545.9795106	5586623.49497343	5024323.55972768	1368672.32755269	2361773.64770698	6330334.73722316	1221863.52213852	14808051.3417061	2264346.92949839	5066593.59887176	3575081.67468507	2316758.27935514	2998003.16986006	3965954.72156357	4454672.96457796	5572335.30747613	4613967.95975134	895174.782467614	1563947.25308627	2791570.7857507	2008949.40948115	10417597.6691627	3120206.8154585	7103902.42871025	4199518.97604302	1421600.59827119	2551600.75490117	2024237.61129283	639538.388055275	1443010.99684253	2404735.9793475	232061.247983864	670247.102411546	1908741.72203736	1069858.24997359	7783126.22684486	892038.064341418	2847480.36503247	2645591.93973093	548841.136977692	573523.479880055
152	M85T603	4.32345607040393	2.52780946350871	0.0233402300263945	0.0018377694786066	85.2733330397426	85.255678794652	85.319299779018	603.2075	599.918	609.073	30	7	10	13	http://metlin.scripps.edu/metabo_list.php?mass_min=84.12&mass_max=84.42	18462760.845532	3597350.29415549	939288.536591628	8509314.44377984	10485901.9367416	5146017.35872357	5985651.53406955	3263189.78471087	3492238.60962777	23313714.8242844	2173932.05923197	14836934.7790845	8575472.11478492	1098052.15608696	23701095.8696586	3736039.94836272	1245081.3342103	14669147.5271223	15180684.6596907	9058645.58662222	72336855.377251	4769171.00582375	6045458.62995764	43115451.8153987	4023372.2884723	16358919.4792731	3895413.80129286	1256792.68931588	46308012.7411194	27686434.7347146	742693.325782058	23472104.2061043	26353620.5413474	81096551.4414774	274904836.698921	48928262.4210992	144300719.635726	50061945.2170199	52382493.8233467	145283556.460515	4542589.08118613	22468415.9728255
153	M77T153	2.79278626323665	-2.46701447409763	0.0235167092491806	0.0406908940665874	77.3725649213088	77.3439106945267	77.432066305377	153.1695	148.075	158.452	34	13	12	9	http://metlin.scripps.edu/metabo_list.php?mass_min=76.22&mass_max=76.52	30970183.7388635	10779109.5770327	5136959.97264005	11905619.2985879	3514733.25225396	6249478.95737187	26139883.5124834	8783287.95138395	47731199.6689386	6223951.29935447	9586511.27085291	10426719.5424435	12604647.5176608	1181792.09562059	27817056.8671115	14899522.4250455	4674006.58484118	35119911.3525395	3106903.6774745	13624842.2473527	39708952.8392758	38239955.8439935	73533864.1025167	13398328.5620335	31925772.6886631	14068037.4018246	4449544.48592012	2291943.64925209	3542574.54949389	1080868.8285848	1113593.48737031	4459784.54025486	687549.30488682	6229787.36003386	18992849.5129854	5934334.24632765	30136894.2361319	3078370.39087379	15616454.9427928	21360314.7777071	470909.222308648	751816.450529684
154	M202T154	2.22046437408612	-2.42580307429868	0.0241828327512859	0.0566865930723184	202.036062023298	202.000046689298	202.056155041316	153.714	148.614	160.137	38	14	14	10	http://metlin.scripps.edu/metabo_list.php?mass_min=200.89&mass_max=201.19	82765302.3724388	30664381.5418953	11050702.864756	33798833.3170258	7747828.56350293	19528984.2029637	54380336.0148071	73725168.0166385	62140123.2445323	15644774.0525785	32918989.1874398	29856163.726817	25538752.3308379	2881265.29691425	72050407.6302725	29758844.1177087	8704961.27812374	92618931.5090948	5085984.0593364	37088692.7501441	72325997.9658981	63732958.4981797	81870180.3043422	21216169.3573374	57376185.2222804	33097470.4869929	6807387.02703453	8980668.79927675	12261344.7750553	2092000.23147992	2238516.26216014	17204062.4357494	1615836.13099097	17146890.5828757	33244667.3889227	28161788.0807982	56096106.4388873	8069348.40054878	42649578.0769774	42869342.6217142	994183.854053605	1388452.10025239
155	M84T384	2.67550085587239	-2.44893086808224	0.0242394718262018	0.0385562990362697	84.3007815736484	84.2724846480824	84.3269394669483	384.0305	371.714	399.054	38	14	13	11	http://metlin.scripps.edu/metabo_list.php?mass_min=83.15&mass_max=83.45	27542660.9455519	10168440.8812442	21149589.6472993	70572671.118406	15522516.3127711	24052667.3415733	28138791.6222906	19248462.2481016	94199255.5513151	57630092.4995567	10029298.4039441	23706645.1638456	48443888.4816496	6455865.93204761	27530458.5430882	15905990.306951	28979117.9292965	69452649.4442483	13551251.4028174	56503876.992598	34365261.725602	107683541.533931	129404159.418322	138700690.644901	27187321.4337081	33818430.2194632	20639488.01311	9483315.57550781	4183510.1307726	2506395.24522535	1890852.72441941	12589424.0410112	2090141.96187606	24121063.4745424	22559057.44125	18750282.7980244	73976977.2443272	33411100.8006293	14144435.0862772	51480267.5867856	3495183.95092479	1370294.63204623
156	M204T605	4.50616403778523	2.50282784806462	0.0246412112125438	0.0021723698851861	204.106799367541	204.034596805509	204.124762293618	604.824	599.918	654.396	41	14	13	13	http://metlin.scripps.edu/metabo_list.php?mass_min=202.96&mass_max=203.26	93481873.9123701	15917599.9216206	3159842.66729517	38191738.9673822	48911924.1317118	24607298.3411017	30744704.3072059	15212831.0391061	19512608.1350736	119506186.571219	11925249.8634614	73245395.6649358	43705253.2229256	3994053.80676731	109805683.947679	17352347.9958475	4391807.9929556	69669864.3776774	75162447.5756744	43715855.3007517	357304449.473467	21046276.6221527	27248204.0513548	215077638.706014	17874826.9959958	82131593.2208142	15660388.3866481	5477069.45833218	225601731.740579	144917267.868745	1042288.34519632	118992829.593195	136687076.334031	375143385.667281	1422812826.04494	241087201.602632	732850380.19529	252795609.444876	262460482.900805	744701778.231146	21608232.6405027	104477658.34086
157	M152T209	1.91658776784771	-2.37942725497428	0.0251302886471612	0.043886858225755	152.045895173539	151.981514337624	152.10006547922	208.661	189.865	217.781	33	13	12	8	http://metlin.scripps.edu/metabo_list.php?mass_min=150.9&mass_max=151.2	8575691.18049404	7162207.66619855	5758145.76476039	10286422.8593346	4613848.08850525	6178976.97471054	19360339.6549101	3468720.79609573	21175224.5289693	6835586.8578299	8336282.52996606	4284786.92378137	12623915.0777526	6898056.47033658	12154607.2736495	9390252.76870097	6397342.55519269	9255346.06826637	3532717.26725723	9227920.23145989	28857537.2072589	8512155.64382394	25036864.8039775	18281915.9300998	19040459.3440263	6252545.16422009	17022191.5305589	10655349.5216741	1590999.98022096	1743268.69594499	2067348.52313042	1814172.01930867	1752462.93126732	8502989.54640171	20299176.9874968	5704946.95048769	20373291.4694405	5704429.32879013	10895201.6802355	8310322.02517907	4916383.72046801	2129230.91572499
158	M92T131	2.83724903399507	-2.42437898987813	0.0253915884188722	0.0575670137156441	92.2448044374766	92.1977815427786	92.2594430589987	131.333	127.444	136.129	13	3	9	1	http://metlin.scripps.edu/metabo_list.php?mass_min=91.09&mass_max=91.39	7537553.1084008	2690999.66669739	1830532.81302586	4469354.51918685	1936725.50647394	1476918.97909991	2817737.86373054	3312262.72867182	19125628.2390836	3062045.28327829	3790180.01768335	3272219.09000255	7732965.92517586	1135894.64166605	5012756.67586664	3598504.12588359	2116650.4980015	4461205.35032485	691218.691445591	3921368.84872422	8624871.74675	18912424.7065706	21492908.3492909	8019822.61764307	11208146.2801815	3458807.73171132	4847264.36383819	1924083.96825251	263793.420134026	453509.484632813	147246.447402805	416349.257445404	163477.624373167	1876324.09762146	3201858.23887995	4188471.51721661	11038786.8758207	1630182.92732688	5038443.16264654	5692841.36538312	479086.679843162	52352.4608914373
159	M484T417	2.70774516265012	-2.39970662027248	0.0255607084305955	0.0370831791502101	484.361747231833	484.337103454958	484.424770786952	416.98	406.072	425.776	28	9	12	7	http://metlin.scripps.edu/metabo_list.php?mass_min=483.21&mass_max=483.51	140418667.8288	59692669.1439779	20916067.1888911	71650485.1329734	15572798.7260297	59294028.3770909	92055070.3653316	23962149.0593564	271861954.207977	34462987.9432821	27824782.1745967	34095344.6712349	84798895.6369108	19083174.9095553	126683585.823167	99327347.6802126	54905102.4802716	96181316.9810429	14776079.886551	182353834.107397	220649076.877881	228090077.027847	422811557.223855	85101420.0552417	121942615.219856	50308112.7355668	30841192.8288272	58769218.3756383	11976242.1363349	10837199.3142187	7502853.99018165	11488524.022034	5585421.55561696	78463100.5278708	94049587.3904085	36215914.6257976	246788910.250448	19798496.610995	51598338.3300066	77673474.3278906	5006389.45154978	5094299.20145479
160	M205T603	4.57291887004925	2.47410193470872	0.0259015118517356	0.00229226945744212	205.081401244429	205.004128415301	205.131781087301	602.6585	599.592	608.473	26	7	7	12	http://metlin.scripps.edu/metabo_list.php?mass_min=203.93&mass_max=204.23	8304069.61184257	1320007.75076767	375144.596654511	3269459.77673988	4601430.60156551	2600093.60090639	3002000.86510566	1650147.91162329	1840953.18280026	11665888.3196561	1108181.86001839	6550585.60529293	4146098.40640189	532813.680243531	10448469.5042503	1769323.09970772	425441.740687803	6497471.66104182	7201969.73260638	3390480.27828424	40338091.8399512	2262032.60241061	2578677.2791655	22275079.8028573	1757957.30675968	8356516.50707724	1592131.40286027	618413.117168703	23573925.1444103	13593279.9370671	208573.765001415	11270720.140741	13210080.7081615	40510178.8413849	149452215.78108	24127149.7526562	78097421.6102365	27562495.5567137	29048043.9700757	78506289.344098	1868567.45003185	9760804.80623479
161	M180T150	3.31406612308593	-2.43647231925411	0.0262349281323477	0.0697361177054973	180.03583274421	179.99328333084	180.051878535078	149.943	148.237	156.958	33	12	13	8	http://metlin.scripps.edu/metabo_list.php?mass_min=178.89&mass_max=179.19	141839491.334814	43090101.460722	19984787.8392298	47824915.9625478	13656254.6298852	27056603.9079663	99370938.7085562	8620634.04090734	48650759.4638152	6700690.26929971	11706323.5222416	8729969.92456604	9893429.73712313	6203728.76643113	115346775.24763	46952812.5481308	15274327.3870242	133069289.573174	8929993.19567481	49278783.1194358	149397066.516053	30075637.6255722	67644462.1661839	12695090.2346783	30172537.7321538	15165008.3704512	3087665.0209095	11038444.2921682	11639790.0728196	3428866.67272116	4420233.76075631	17470702.4223324	1643852.56207376	24338711.6981882	70491071.3269579	5228021.31277153	37922750.5072403	3324655.33555559	11775450.4634159	12923895.5999189	742173.064602604	2288377.80396029
162	M196T285	2.18456153401474	-2.39811997613132	0.0262374369446614	0.0547085074594702	196.038657524545	195.970515190952	196.084569961628	285.44	280.039	346.206	33	12	12	8	http://metlin.scripps.edu/metabo_list.php?mass_min=194.89&mass_max=195.19	34281949.0611795	30857855.9615286	22997112.6973883	22634310.7731161	6484537.53150339	8263880.93453842	35266528.909875	5493274.39615278	22233931.3060993	6440005.51506342	12221946.3054562	4040927.34114475	8492880.08603399	6629823.32687688	42510047.4280678	30039205.4371154	45672658.2378108	18236597.3576782	5286372.46058015	8207236.2931516	15191586.3921721	6999021.87362967	13194207.1545325	10643820.5354652	24481215.1271974	9864125.31812879	10179066.6470412	7845198.51108429	5161132.77071942	2312359.56425047	11321342.5789832	2017489.86865816	1390483.29238927	5106574.74090002	16478853.6649364	5117660.31912023	14035780.0105128	4027105.52019487	23520543.3637491	18311638.5951411	1764541.35480788	3118798.92051779
163	M262T706	2.75592666318563	-2.42958255234213	0.026612916605782	0.0477642080916838	262.15019561799	262.09199767888	262.219127140766	705.5	703.109	714.347	21	9	10	2	http://metlin.scripps.edu/metabo_list.php?mass_min=261&mass_max=261.3	5699767.05317203	7680582.92479641	4711865.38522169	9587839.78617968	3923193.7639381	3954780.62057451	10014363.0600034	1440863.51947738	23048156.2050722	5497173.14886574	4385604.32563575	2626427.36398334	5958320.29057641	2868355.16507807	6075655.66013672	9212818.89084775	4763063.1656257	6290152.90375943	2096245.02118566	5065585.53705044	15416487.9431316	10793129.0334616	35736197.7911197	11466719.9573687	9869268.08970297	3453487.78240414	2998533.49884351	6552348.44792545	1153217.42889063	1162425.30516215	897100.949622811	1004288.98322189	812111.88309613	3975552.00114795	10338036.8444807	2067361.54657905	10201109.2410797	4354778.90630483	4283598.31693923	4856231.99597229	611933.092772705	1377009.49237179
164	M312T435	1.86126265224601	-2.35043439230398	0.0266300860008135	0.0602107300771699	312.318437004199	312.265637079724	312.353264151287	435.2515	431.071	449.349	40	14	14	12	http://metlin.scripps.edu/metabo_list.php?mass_min=311.17&mass_max=311.47	128368783.387872	47601004.0583774	17013539.3980398	70221260.9266678	66107423.0422658	37462969.080283	58312305.2809121	27467563.7540095	102874961.259872	65777671.9007407	60595993.990738	30657264.8183968	31246607.9530146	17520210.5019673	120550119.070762	46193170.6504991	34555667.094315	73280517.3401439	34751632.1553254	100698257.962943	81222420.29625	108767493.970846	94817824.4934784	137516373.636706	54955786.4538666	37485718.037615	24073215.4867294	49225962.4590234	16606787.804603	11911133.5409792	4768046.93692991	15030868.5049239	12567231.2572026	49946387.6418511	56052425.0316197	47615585.6850561	151612332.112125	43947690.8142368	48807677.1050039	53935990.9664323	10632015.7690762	12811561.8980817
165	M121T286	1.87510655415949	-2.32961278681164	0.027907029019685	0.0435741874684793	121.061009031918	121.036927385781	121.084963246278	285.92	281.062	296.712	41	14	14	13	http://metlin.scripps.edu/metabo_list.php?mass_min=119.91&mass_max=120.21	79978800.5831791	66679965.9065166	76689390.0287368	59057680.945018	19546961.6222688	19228791.8882878	77697413.9382304	20577109.6165564	58305063.0354018	10013697.9096871	42455860.3582948	15961089.1466114	81591632.2892463	23133182.0874612	84045929.130245	60968830.1656117	92337765.8399154	41988500.3216294	10914138.6442101	26542163.5245175	38655370.8317968	35367701.8826205	55040594.7983706	20142186.691573	80989410.0773753	26729969.3904193	35891317.4725194	32496778.7879033	12305622.6088633	5544239.09391809	24600367.6790861	7287122.96437289	3778848.01711855	18796864.9891831	40397168.0550337	15654480.7346238	46216935.3820982	7863310.29230461	81532109.3589417	57956267.5894104	10349189.7180029	10157030.4234674
166	M145T603	4.50194922764151	2.42673396261245	0.0287641253436619	0.00273882682436947	145.026716079369	144.98115508963	145.046786806355	603.321	600.247	608.873	22	4	6	12	http://metlin.scripps.edu/metabo_list.php?mass_min=143.88&mass_max=144.18	7260278.87200595	1012626.42474281	347251.047311488	3436557.99698218	3266683.79217116	1799023.02522785	3037225.86367163	994472.732580545	1438547.56042015	9641929.55503548	1419179.89659423	4923356.91762524	3161565.49656686	365813.162599059	8872860.00926117	1443101.06672366	247199.718191716	5705910.54044633	6602370.68549892	3295267.68600374	29420578.6211858	1946464.8713582	2477233.54878739	19730151.0448113	3507597.43161448	6161650.44545361	1030044.71396305	525020.29538872	18519905.3786668	11393203.3931017	137115.587549075	9675210.27072366	10798174.7456551	33479616.8446417	125579417.680287	19883616.2696836	64391204.436952	21122119.808993	22190042.6933259	62986019.2684104	1405099.83077835	7961094.21621322
167	M103T151	3.07039507035074	-2.34197229013309	0.0311876643677711	0.0488800681740384	103.152465511259	103.137826352476	103.189139389393	150.708	149.396	157.855	9	2	7	0	http://metlin.scripps.edu/metabo_list.php?mass_min=102&mass_max=102.3	3175397.20166167	2543804.57653414	980515.660119135	2863453.96923007	1078792.84499597	1486494.85455526	3540220.33326444	1292063.34799394	11008346.0171386	1489460.82181197	672640.191956543	1796130.4449397	679233.819092685	668626.39277403	4192898.32815737	3038663.51286043	837669.138279754	5592708.88377199	923041.496211509	4720822.2278817	5354733.76336987	6045884.72950944	17712629.5119781	5142131.07893025	2204711.47891902	5061953.97188511	182890.535269957	584877.19738075	1007241.4013375	446855.13210657	501323.310307669	1140843.8155423	571195.714012633	1033591.79714228	2160780.56486677	503360.460598589	7355040.41983454	425854.372914859	915769.693654581	2979937.98810823	578107.831948618	441234.401211976
168	M485T417	2.61251018461143	-2.29911749345311	0.0323472760187897	0.042324253103082	485.347528504898	485.280103185212	485.424393269665	417.462	409.365	423.279	15	4	8	3	http://metlin.scripps.edu/metabo_list.php?mass_min=484.2&mass_max=484.5	39169289.0222466	14782701.5411423	8848540.05340729	17511372.1022365	4910259.50483922	13289293.7140652	23457538.4297938	7511034.20868822	67284581.6111696	10765820.5679356	8485230.58799269	8763023.42431295	19724963.1076047	8348624.43413171	36149764.7659531	26089157.0126094	13583772.3346875	21757952.2928657	4506736.980047	52448218.995776	62013322.6646325	57260316.6643542	112628311.428676	18431463.4272965	33083028.2922756	11475496.5934512	8627588.62396092	10183754.1217174	4470341.71454908	3266811.31135937	3540681.32262884	6201375.36604413	2869228.87812076	16221042.568073	27619416.4225551	9694946.98285742	62043442.1437499	5929725.64261667	12766697.6221704	19711509.8932246	2319477.74865774	2574798.58072356
169	M126T111	1.82628084921227	-2.2355031273833	0.0341893842652028	0.0481834633725079	126.112512874458	126.075231695037	126.134214193761	110.9705	109.244	114.044	42	14	14	14	http://metlin.scripps.edu/metabo_list.php?mass_min=124.96&mass_max=125.26	56038404.0576323	23210811.6134061	33039268.3481138	67674024.7013303	14795037.1609147	30662671.1514127	20816485.3804683	17525452.9040319	62690266.3092758	48742136.4674406	42849968.3539891	26634404.1010551	68525770.2843719	25102706.1298026	49487889.6015333	34334848.6153511	49966095.3889566	38597478.4669052	9479209.54127039	60249589.1192202	69023153.8983851	65018011.300221	93692344.7557495	111193109.909241	104332206.087314	32227301.8800727	32689926.4639907	35812320.4919646	6442199.93308594	4488249.3590461	7103700.41151598	4053222.29461397	4775225.6868457	39407994.3304553	35813983.0632353	27914678.2893327	93127933.7198654	48481253.3096486	74514148.552212	68297427.7394395	7412690.91464723	8606830.68461972
170	M218T564	3.58953670335024	2.33586021828265	0.0348409438141655	0.00432591139371636	218.135151125172	218.122743239985	218.147378963166	564.489	561.004	570.174	12	1	2	9	http://metlin.scripps.edu/metabo_list.php?mass_min=216.99&mass_max=217.29	1601635.65077412	1019149.81527735	473876.667759189	1595657.17840664	1617717.44876562	1148999.62514573	480097.998394365	1003063.18913453	588593.209958976	4566407.97061392	597697.429842431	3099775.52910969	1795600.52592466	206816.904535053	3653596.26170615	1052865.25337305	537184.509501221	5214140.64780238	3046199.2442049	2579846.29842582	6090168.61764246	731370.52566074	530871.793681627	3393585.46928002	687783.349574789	3006480.27132665	527698.096650786	899748.028475235	2997150.84597656	3454078.19543877	275560.554007363	3891508.06410337	3644160.45586089	8101225.57761874	19222175.2914688	11764997.6055538	14330496.1147822	8042281.31358796	3159051.66893152	33978997.9820105	439113.087327996	1390422.94127943
171	M313T578	3.48138186864628	-2.26563286509135	0.0349694411887114	0.0963864116977352	313.108546227471	313.054170121434	313.138134007984	578.41	575.711	583.158	16	8	7	1	http://metlin.scripps.edu/metabo_list.php?mass_min=311.96&mass_max=312.26	25551632.8907589	9104519.88011488	11252319.247379	4948339.07419244	739421.02137886	1872272.79087509	10276558.097163	421552.574231819	35722910.6106887	1300670.83050844	5285675.57920552	5708230.28604506	1603098.52276693	1600600.02226743	19200028.6425243	9558871.63771508	10109874.7930635	19040810.2042994	977109.892141103	934381.885722836	2450101.66287805	760446.840625572	23976650.4927003	1902818.58750298	9627089.45126439	5246901.29248894	1287041.72724604	1661273.56916521	1262156.87180702	552289.929620226	808778.863353656	1371823.53618712	876558.739075648	817058.850527345	1697184.972167	491140.453222369	16412904.2140843	366094.944693854	1579171.26550043	3098202.0413628	665555.699409867	659422.974134386
172	M503T534	1.41397993977045	-2.23815322737564	0.0388498789767802	0.133728467362692	503.485072050733	503.459270724241	503.507515281915	533.8675	477.692	539.604	42	14	13	14	http://metlin.scripps.edu/metabo_list.php?mass_min=502.34&mass_max=502.64	153539814.046552	77023263.1075162	110547965.187309	94127060.8092744	51712129.1207235	76187493.1411358	57504908.0482797	26736213.9936816	68393218.9369792	52515913.4462908	28396913.5490637	42339318.6878727	70834944.9578875	126945886.12466	56074836.7907338	80449220.5736428	166946536.615986	75044808.5058922	85089904.590125	80620163.3554077	72632673.4480057	79110627.9201454	78844925.6441262	97499812.2936104	47760767.4248723	42522478.6567044	50387314.0142539	166272918.926692	47964504.1008077	57241301.7231619	50451671.7941851	70208429.8707785	81066707.6355207	71449907.4589124	58239038.8508485	57701757.1481297	71286052.2122797	50564340.2674431	46763489.2161719	44763306.6955386	36079173.9994155	90218705.8438354
173	M188T1040	2.29011374730983	-2.18465747239492	0.040352063511611	0.0330262665914593	188.155166871908	188.146908066391	188.168730668275	1039.735	1030.68	1045.97	18	3	10	5	http://metlin.scripps.edu/metabo_list.php?mass_min=187.01&mass_max=187.31	25381901.1597258	7788193.4508411	16249024.283674	25654138.1513885	4484191.58137227	6006395.35547651	11723696.4341522	5527541.62156245	28750919.3488063	7676099.63443724	5185755.46183916	3801580.12319576	10635982.3464829	8105337.83313711	23284181.9052477	16679930.1414976	27793341.252499	26811373.2940098	7683869.42874001	17398299.856281	84411476.0661631	24096477.4134259	37188223.5443426	16522167.7546472	18964483.7613288	6084313.29002537	5167608.34435937	18244447.9989473	2576897.00551839	2843213.38334565	2760039.55704569	2551966.48997809	2047772.77504814	14612542.324031	41057903.9568836	8437132.29470075	19674756.4336027	3976127.66652554	16316052.0753637	23337655.2435589	1498039.71606506	2551729.43273194
174	M592T536	1.25564675079787	-2.15446566426723	0.0409569253142843	0.172898726211332	591.520481701183	591.47463495013	591.536907865082	535.7265	484.807	538.813	34	12	10	12	http://metlin.scripps.edu/metabo_list.php?mass_min=590.37&mass_max=590.67	114728001.560278	58146559.2474686	65022196.7532619	63858635.8586058	44169662.6264275	66360719.9188622	41822993.2164626	33289418.2715284	65176021.6755524	54527442.4292861	30539103.2242053	37515184.9475317	61706542.5970824	103476004.171289	60801805.4987357	68709681.2304226	111848440.572031	64226920.5163892	61975802.9707802	58849158.892842	55034036.6366268	58952285.9128542	54624550.508195	40846866.1709559	63889453.6835879	40110942.1261002	56367681.4311489	66407499.432418	41078609.4536647	42022346.854337	35664735.8565198	50471635.8363839	58748247.5287912	76242255.1866655	41663527.3269832	56934736.1280198	67696859.9146747	36040836.9313057	35058817.1560682	44603617.0148818	33767916.9807044	67018447.1877938
175	M141T682	2.14894516494995	-2.17941882801353	0.0411375653516135	0.12705441279364	141.048378156516	140.993460248503	141.062519294221	682.4285	676.691	687.769	18	7	8	3	http://metlin.scripps.edu/metabo_list.php?mass_min=139.9&mass_max=140.2	16128651.6195854	10220467.9164741	3795798.06973429	6640763.50323097	4519128.87101127	35559336.810512	2943461.90283767	5459918.84773202	10133573.0896176	2849987.19305063	10491924.6526178	7857697.14657473	2313421.45453691	1363784.79885048	14309135.1630835	11386030.1220268	3881561.80227636	3393190.97502966	5253314.71114424	25480631.95319	1396102.71269382	12668634.4068087	9761189.86535211	3384330.42883959	12546263.3432184	8405861.01379473	2933803.75188416	1736137.21356296	5303476.3859255	3141138.36297854	1770265.26035766	2124993.46769676	2725043.50090109	15890016.7522758	1550217.40641031	3047740.54694213	3238169.3635194	2135965.28924486	5609548.87080962	4992795.32485351	1351186.55767523	1348926.92128683
176	M203T722	4.38658441968286	-2.21606305945671	0.041596844210261	0.0565357417417704	203.129459636707	203.117837289202	203.140128541536	722.016	720.726	728.671	13	5	7	1	http://metlin.scripps.edu/metabo_list.php?mass_min=201.98&mass_max=202.28	5026221.71273638	2142306.26831667	15993239.467359	49549941.0094572	3725820.25047863	2786394.86210651	40690346.4873507	5209736.94262045	17021123.1745588	5831997.73780626	10150092.6740987	3346414.66944393	2161286.05098433	16154124.7851387	5921468.48500897	3223395.71148414	25404019.9035611	9861543.98757949	2615966.31714627	3339322.03871525	117357553.233087	30152697.2042852	35871322.2931082	35216727.7424321	32012305.3264979	4546229.51414852	1365841.31097111	37521499.2396967	556916.99359827	600022.922390624	3089836.22776922	664529.375215483	719630.440346079	1968598.62726798	40005069.9792374	2886698.64758572	9985028.11176138	3100343.90493709	6947012.22922266	4592954.83780463	510191.138857783	2887532.03759249
177	M137T247	3.15263069689616	-2.21545154595161	0.0419684344338447	0.0101255271159113	137.03703239345	136.987888928324	137.051960204023	246.891	245.352	253.537	42	14	14	14	http://metlin.scripps.edu/metabo_list.php?mass_min=135.89&mass_max=136.19	97560226.2574052	28309649.861394	41404085.8481105	88731687.0959827	24198726.4568201	38612345.9749145	64121469.2672306	52588130.0856005	321812734.76379	54843508.8684622	60936113.3128367	85495495.5937993	70506095.3134111	84049270.5185521	148467641.100289	55928158.5960773	79841888.4948977	229007713.615931	74952928.1593813	125740819.486378	555600819.267037	1324477273.90346	642984644.438695	262571100.521697	185134877.539203	143859384.569206	134475383.236434	399297626.699094	28387930.169069	14095782.7704431	13608411.6950405	22022042.1795176	9181636.75437713	99203012.1549225	300677671.114446	185823815.164531	250145810.364968	72021106.647516	71121963.3578812	285167226.571641	7742375.91698435	24515541.0578428
178	M170T216	2.14247403094171	-2.15542897530279	0.0428271613324671	0.0420537307687607	170.03685030139	169.996312108953	170.048804341806	215.804	207.953	223.239	36	12	12	12	http://metlin.scripps.edu/metabo_list.php?mass_min=168.89&mass_max=169.19	75096196.0548131	75695641.6037543	49184429.6653165	113965741.538392	2035817.95870691	27728567.3390526	111720619.544755	29855548.4021016	83253710.4500283	33954186.9826858	102436040.444857	50706531.5188846	64387238.1998145	1642621.44283171	68077220.3745265	102785001.621114	74770532.1857812	46879685.1726716	2226514.24515021	73237733.0821937	114963408.055825	322419136.975277	122999081.595882	150764545.154581	209095979.876593	76635819.6157859	90123504.022554	2227359.31887853	5519566.62000124	13420949.501533	9633766.43177344	6297961.05104452	724903.481775309	82170347.9898203	85504847.8697564	85869147.2691401	94306871.3275471	39877270.2970204	87528217.9147301	155609783.708241	12408989.4290365	1278221.53039781
179	M245T669	2.03013668707188	-2.14952556917727	0.0432304080263268	0.116041533710678	245.143657846889	245.072753883207	245.216678239604	669.029	666.56	674.562	25	11	8	6	http://metlin.scripps.edu/metabo_list.php?mass_min=243.99&mass_max=244.29	4729789.27779772	7807941.87091108	13270366.6571927	22340151.7711259	9884677.45840013	6881757.14559962	19893173.6613125	2867528.79897363	37436077.4389568	5170250.19849488	6222794.66038888	9283279.3563643	3821412.68894732	13569399.08356	4712902.33551193	9611567.75802465	17414742.7555909	19258598.8532979	9111614.63045503	8374749.59119117	19793538.304946	8668875.02674337	44024962.4668851	7546096.15215745	8478106.32295275	12310121.8415265	2722789.23434201	19490337.2081986	2501849.01444357	2355031.64414086	4639606.64964486	4428786.2836417	3464388.07858838	5738450.90568381	17291616.163804	3005454.37413912	19104701.1735115	3401385.59565104	4559037.78057698	17576156.5835821	1251153.93869463	5020365.90208057
180	M356T47	1.64711559127255	-2.12351704447372	0.043975937275516	0.0662218073313459	356.245461597185	356.158817469879	356.259876206042	47.182	46.184	56.432	15	6	7	2	http://metlin.scripps.edu/metabo_list.php?mass_min=355.1&mass_max=355.4	12926532.0135939	9772413.9993816	4458189.88661368	8882281.68236096	14077497.7833258	13087029.5012052	9785940.91239418	7040179.36468374	9064455.97745964	7096311.66565406	7291446.05343864	4213371.56762761	5864768.66759766	7736615.94610107	12499659.0570417	11928896.064254	4556273.27618491	8142564.49724575	11046888.7720277	14825703.6400881	10012196.5372181	18391021.5043692	5910246.81392083	7870408.1049568	16225090.9444557	5331213.65238769	7460946.36810174	6526127.05939987	3539211.77274275	4619571.37434405	3331588.3734375	4433254.78956638	4766216.00716545	5980227.44293602	5901238.27295443	7634646.92031073	3592250.65088818	3810217.48364671	7035698.15451866	3546140.87103516	2765928.6484375	24482400.8203639
181	M138T582	2.59718592833967	-2.1336599930363	0.0448973575957383	0.0715641105243183	138.046168850778	138.031980863734	138.063596295039	582.3495	578.696	587.479	42	14	14	14	http://metlin.scripps.edu/metabo_list.php?mass_min=136.9&mass_max=137.2	191854239.788844	203213958.679533	181822381.376141	78244205.2186304	36965920.7989464	53039384.61725	158233454.510233	77572303.287525	603296678.655902	114137380.247759	503386188.450796	362060006.263731	140316845.925055	54491739.1045982	159153253.956971	196396897.379034	157588454.400848	248062245.300006	19246462.2560634	23908698.8398305	67751766.6816209	77385839.7139377	546867395.210614	97265621.2536771	535521952.885868	370423588.975888	107648723.391188	44692546.2048625	55675798.4928538	18332757.7285471	33849816.5069677	50860852.1321069	2872019.79903534	7252289.52434367	20078127.8204976	24866779.6524232	349038490.724129	34175080.2391692	162081108.243481	230656828.293712	25121798.5353151	6210104.54316755
182	M127T112	1.50366774853917	-2.10685152874786	0.0450380769616043	0.0398120684150207	127.122361227248	127.057731455803	127.135573703722	111.701	69.493	114.157	16	4	8	4	http://metlin.scripps.edu/metabo_list.php?mass_min=125.97&mass_max=126.27	6009530.19985747	2792209.92475247	3978512.10718086	5773171.85939761	1837757.51857862	2412897.76978503	1903414.59676924	2472378.74197649	4568081.26653707	4044712.59035066	3413249.39557482	2878641.88530814	4757483.63675813	2860045.14399906	4412270.19577815	3766959.60370696	3949976.71898167	4113823.50805725	1754745.51164893	5936048.28830996	6017433.39028392	7260382.61026307	7228371.41957769	9616251.48454428	8289504.98430143	3288838.57732279	2443020.36461246	4346242.28949201	1357766.55726113	1383906.40987124	1677536.53179094	1841870.58723604	1460762.29561889	3663915.40599783	4278715.32415804	3990054.11679519	7294999.27618281	5408406.68106624	5628001.26924848	6272576.08879314	2139377.85022184	1766919.96667517
183	M213T96	2.64111638077166	-2.13168101996339	0.0474657850747695	0.128948368393456	213.070886170086	213.057007971738	213.123230383702	95.618	92.185	153.765	25	9	7	5	http://metlin.scripps.edu/metabo_list.php?mass_min=211.92&mass_max=212.22	41118840.1126901	11730301.1555624	5967292.8231397	6706806.82160386	1910196.13123078	2606364.26298799	12661623.68063	1586067.08432434	43459567.3149066	3263505.08125167	25423526.025093	10516144.6196194	7787653.4934036	2329965.99003317	32685293.7571796	11294144.4628721	7227258.48237964	23068254.5086313	2751407.85756948	1952384.25078856	6822508.55690178	5404848.97924357	30434672.3292739	4785422.06497614	44570872.7122177	11758807.8013681	2362314.83038618	4355238.171058	3608164.29451032	1732497.43782113	1417846.93619106	3171036.05986371	913843.599616004	2767411.77359445	6171259.21703693	1633810.91106693	16709714.4977843	1493265.07399798	15935025.6812384	13491148.3522219	1100901.6465772	1593975.92694667
184	M243T159	1.91755043636309	-2.07976435951631	0.0476640175906646	0.121063592917098	243.124505329067	243.067916593649	243.141072144537	159.31	153.319	166.977	18	6	9	3	http://metlin.scripps.edu/metabo_list.php?mass_min=241.97&mass_max=242.27	26452872.4437967	17714699.078184	6601682.34719662	20865827.8476077	15929254.3845948	7473082.6947538	29387695.406493	4330412.33576507	34996038.8387859	9236669.86666066	7858833.92685986	6351619.44566977	6825410.1820919	2418072.26950632	27305814.0882857	22036943.368244	8229304.45898777	20560215.3603012	6173843.14798013	8162857.87853707	31790628.2844562	14876599.8694519	29806854.4842699	19375197.4654273	17008617.1561674	9428749.87530233	4926538.97717578	6167208.30102127	2960639.47351984	4663939.60116367	1477669.24611413	3273564.75194912	1296434.7362697	7051095.8159971	30408129.7591159	3430407.32881904	31907612.8844023	4178429.24722383	8918910.80125563	15084416.6915801	1561172.53093143	1567724.36156025
185	M415T534	1.54124229885119	-2.12467860018566	0.0487646417132774	0.0524291301130196	415.427546541165	415.378740601368	415.442068225512	534.347	471.744	540.754	39	12	14	13	http://metlin.scripps.edu/metabo_list.php?mass_min=414.28&mass_max=414.58	108529724.282879	70422326.4942187	108983402.33907	106668571.123873	52087234.297534	58425168.3418944	52949169.121821	35160595.7307094	35868926.669018	42092409.1163676	37362020.1131537	38033135.9739956	49469719.7590844	102963680.082799	153041788.975078	76242978.3279679	169539006.86107	140668795.250259	83698193.378471	168381798.892873	66555243.7923581	60183363.1399167	42850814.8214518	45358648.2116902	41619610.440914	39022008.7695304	46839481.0061566	165346669.423189	55470679.3155644	67916387.3788935	63846352.3552916	82924217.1463573	104833559.932708	71882052.2942094	47827192.5737328	52183403.5991762	36741789.4362671	48630123.0837434	42024431.387654	37521718.0466938	43063543.5378022	88187197.934498
186	M269T780	3.11454276350895	-2.09487384977491	0.0491395485703943	0.0384676079407066	269.166217146945	269.136992911499	269.215547579763	779.739	775.752	785.11	33	13	13	7	http://metlin.scripps.edu/metabo_list.php?mass_min=268.02&mass_max=268.32	27251440.8739792	14538783.8894146	5507326.96753557	33888365.1934925	12170232.829885	16433095.3316016	55587102.87795	5594658.40680724	109506302.864406	10659041.4746666	11031870.8396957	6918981.56619167	12023130.6982336	6902048.09934748	56779036.6838142	19396509.1632956	9853791.88378364	24837260.0836635	9693237.16249667	27703621.3926456	172806269.545374	74848719.1867891	202790122.321851	147742147.490784	77901426.5174074	8180524.54312689	5359525.98149353	29655270.5207129	3921662.478235	3110395.04696751	2217540.73281653	2963689.39054672	3430595.99778205	17304424.5588242	70302915.2027757	6663276.84150966	127451605.453364	7188900.1747143	15388190.5259503	13710246.451051	1142985.56097701	3750866.75786461
187	M306T48	3.26844332904371	-2.1067114388563	0.0494369380741926	0.0948472478704961	306.130324422376	306.084376624922	306.23379458465	47.859	46.39	96.773	24	9	9	6	http://metlin.scripps.edu/metabo_list.php?mass_min=304.98&mass_max=305.28	22973630.8233089	14444197.818698	10196195.7706172	6760261.77773334	2956726.221077	1385666.65290437	2597191.67123577	54375422.059307	14840118.727056	2188951.87185853	1689755.57088195	14046152.0653025	50017642.8404016	57057634.5219833	18125152.2509574	18005240.1142033	11190618.9557109	4237055.74416565	3617230.62442965	1675889.30985255	55009259.8020647	108312379.983372	67920750.1659178	3033316.30091458	1539289.02843769	12950971.9244067	40895966.1943542	55283210.5351946	1120017.88632101	1979645.05079442	966447.179841389	1125787.63754723	1372603.39705534	1094614.08133727	14900800.0541113	24757477.2757806	52887921.7334983	1058489.02480764	1242909.26839052	5197149.13297718	6556880.01501223	8671275.27612367
188	M471T534	1.48400528642036	-2.12121906786259	0.0503450319320788	0.172398933953812	471.495973066733	471.470080113714	471.5118317007	534.0065	474.055	540.383	40	13	12	14	http://metlin.scripps.edu/metabo_list.php?mass_min=470.35&mass_max=470.65	175596382.389088	77018013.0851061	128890245.897288	245631027.266351	59721752.3917208	70468634.2265521	65864603.712375	45732685.5243586	59298009.4220151	66963320.0915725	53161425.7243056	55537228.9179123	68825813.3749966	121768101.316796	74252082.1763246	89177718.0878141	205008238.410498	167974805.585955	96650488.0216892	205080350.798441	83916530.0098218	66144092.9041203	72552578.5625551	59500795.5607895	65538389.9133772	55514649.9777335	68388467.8759334	207115624.709825	54882590.9709668	71997746.3535311	64504877.3412537	81487691.2831309	111029848.574662	84998664.737397	65884350.6004382	72380930.2156589	75011227.6443749	62817752.0766519	64802849.1013164	50677053.8474367	52080375.5158777	109552808.110808
189	M270T781	2.94725248059685	-2.06237654149024	0.0532896404735053	0.0402227037134792	270.150385076949	270.130387395779	270.175589434118	781.1275	777.104	785.102	12	3	7	2	http://metlin.scripps.edu/metabo_list.php?mass_min=269&mass_max=269.3	3458403.76146449	1966384.86252976	846713.695028386	4003824.57001553	1705945.75130549	2006764.17604346	6697411.52857091	1451597.48306077	14612651.6801554	2489127.1704379	1812573.51096373	1081673.75531255	2169568.44267262	1018892.68786657	7036221.8610206	2288987.1099277	1199698.30558211	3125465.26373092	1377731.38723026	3132892.56450491	23345616.4191796	9803252.47148436	27393627.9572094	20180062.7570765	10620006.3684469	1462845.25009628	1186379.97231872	4123707.12564901	601892.511658707	657106.781935065	405005.059580877	466669.79857767	675580.25023912	2311820.29490157	9537493.78655101	1492798.7274467	15510666.0532088	1371652.37099459	2023440.47488898	2736323.26241337	768096.916588632	893959.249295156
190	M139T583	2.47242584046623	-2.04029657957685	0.0536287791852774	0.0844826025294527	139.035911227156	138.996937797063	139.063415942064	583.431	578.977	588.605	23	11	8	4	http://metlin.scripps.edu/metabo_list.php?mass_min=137.89&mass_max=138.19	14100982.932877	16252244.5078165	13612013.5156822	5059573.14291564	2871334.01889323	4128817.67514257	12073075.6870265	5099479.87008098	44870915.5643715	8447957.89630855	38291403.6042321	26772626.3485733	9603513.61950315	3448960.61487563	12186335.7545501	15444550.7903199	11824301.6405284	18368518.9515515	1598272.27142145	1746107.36632956	4388944.45131444	5746999.37093024	40348953.7934871	6214257.11253101	38218920.0713709	24968812.8193777	7480893.31115444	3645187.4594796	3773069.65723878	1347330.80920033	2708807.60040225	3903806.22886047	601694.746005083	448975.389495774	1446899.73069177	1789626.66114138	27349626.0596011	2028015.44104313	12188833.6619964	17301141.5837376	2086077.74381932	755849.819930237
191	M579T552	2.06472723695201	-2.02675553278529	0.0540011608623057	0.0222450071639468	579.33111008974	579.278391109017	579.347433468179	552.056	548.383	558.185	17	4	9	4	http://metlin.scripps.edu/metabo_list.php?mass_min=578.18&mass_max=578.48	10131087.0499582	2888235.09464101	4724887.23109549	11089478.6257071	3516485.74330816	4049799.76030325	15151257.1428797	1441630.37395313	7880874.05517074	3477475.51838562	1636233.53219634	1557576.24507394	7565022.23772977	5626015.98584497	7936463.8371593	7273215.50896872	7838562.49785228	14468161.6005825	5421129.7354527	15459647.1133034	41986284.1114094	16995504.4429923	26656154.1973444	15934296.9318165	12601787.3495218	1740000.1079033	4244607.88773321	11127021.6952303	1596559.30540139	2230075.23320457	1990028.64014861	2451337.12077799	2148800.32874583	13222176.2348736	24742712.052304	2057784.40268574	20964308.0273373	2520708.28772124	7361976.77035598	5780223.55008189	1303088.96893634	3498451.23516964
192	M259T290	1.66365233363633	-2.01758820198459	0.0551833996555775	0.0416138212101835	259.144161119657	259.129592040678	259.161571600382	289.897	283.933	291.194	9	1	7	1	http://metlin.scripps.edu/metabo_list.php?mass_min=257.99&mass_max=258.29	5443738.42190635	4174780.10759699	2455865.43878815	4658649.19015459	2468312.20759037	3453040.05032032	5042802.01969737	1382500.70077361	5054095.64460468	2527137.22001022	2399210.1032577	2278440.68833889	1846338.42888165	3131234.34988214	6322910.6573858	6142412.28461161	4663804.9110745	6021630.67342176	2225922.05744385	3434541.39442169	9129221.19582556	7145731.88067778	6439992.09534348	6918746.59177298	2530529.72020092	2973719.84001452	2241207.75945175	8038427.11839524	3026225.74929199	1875468.70695454	1558361.38036408	2070178.22250381	1571597.79147886	3636004.46025937	13752096.4188188	2181165.29467064	4574622.66200506	1794324.9007754	2193320.30865099	3212041.14982206	748233.188281251	2424334.73556621
193	M128T358	2.10374724160531	-1.9888854738162	0.057745309286775	0.164595645284769	128.080810115416	128.062736953665	128.12816368582	358.181	355.528	400.977	15	5	7	3	http://metlin.scripps.edu/metabo_list.php?mass_min=126.93&mass_max=127.23	3945092.69863383	4161432.35576803	737192.706359053	6246858.51151714	2782873.52852118	1755382.94782606	3276448.99854424	194317.83458667	2717360.17677517	86518.7413949487	93069.0853770353	481266.039833726	1234013.02506103	390542.463398395	3879964.24747358	3807015.17515578	403908.121953322	4736860.00532874	787067.990786133	5165686.61893237	4704520.42147618	2531093.2027258	1940338.96121494	1945556.56945943	2519782.89721955	99398.7874177153	156043.862612656	667441.363705365	167209.707578867	150321.878627509	124650.67566295	66594.2880203224	236719.206522827	2746435.04648428	4047215.79210981	393955.687125	2278821.87802387	96305.7403751789	1049300.55987177	4027381.27271457	191961.948811257	273261.527288815
194	M442T146	1.284515053201	1.98531725920396	0.0579786901488049	0.0628325203531482	441.524400862532	441.466641387548	441.535937205742	146.157	140.1	150.174	16	7	3	6	http://metlin.scripps.edu/metabo_list.php?mass_min=440.37&mass_max=440.67	24321293.1659083	37618207.7132785	43680814.8917315	34161502.3656996	45895729.8095647	47224248.8324167	24737906.5434337	46012033.3926381	12275172.1734973	32107831.6263305	30461023.1308331	30651118.3030153	28785901.3829908	38557079.0247401	22187598.2423205	36243779.19975	39849496.5246247	21947091.1542611	41204233.3310913	35614891.6554784	14834016.1335221	13335598.5796126	9530126.48822482	16483804.4875442	20000447.0605775	27238489.2079912	26882099.9573187	35128639.7430301	42485269.5619737	41623708.7136656	34922816.7113848	43703216.8749457	37583124.4719303	43750740.9161079	23333717.4821053	34178412.4408743	13075799.593375	29777378.2295839	27562942.4211144	28406347.3706029	24931662.692727	37707249.3647884
195	M458T482	2.87410941288571	-2.02731915295809	0.059543479932179	0.109298705374023	458.313208853836	458.267454424251	458.35450222386	481.623	476.26	489.467	17	6	8	3	http://metlin.scripps.edu/metabo_list.php?mass_min=457.16&mass_max=457.46	10435227.6619353	16056982.3765548	17819943.6830033	6661039.06709042	21354708.5417243	11212343.2096576	64386323.0496923	7542777.7016189	81868942.6817864	16590857.4923091	9121530.08360485	4360686.59061328	12205278.6066869	10362777.7504885	8716290.89607846	22796056.1406235	16504184.956202	15854681.7055604	15738561.9213053	6744106.63383311	108378408.661445	39455558.3580201	108894960.118451	84084178.6566652	23552014.7087908	6424026.25574854	5697913.13312806	4203002.36525998	4616982.33294752	4754304.94703906	5964634.90282227	5616716.41491755	5031527.44088049	10106795.0146436	39661738.8936138	5798606.66716534	43882576.9301809	14652564.7865851	8383197.48189667	5948302.93677725	2093905.20185353	5988551.36281665
196	M251T173	1.83143522610655	-1.96755553766943	0.0598806040269724	0.0826273599530986	251.080186658352	251.060392728439	251.215640968615	172.862	169.873	206.983	14	3	8	3	http://metlin.scripps.edu/metabo_list.php?mass_min=249.93&mass_max=250.23	23801397.0778367	11442282.7096875	7142839.74681007	12900827.1400238	7174401.36233062	7340870.96222678	19157306.1503612	3244562.40348823	26685913.846126	6812184.28262962	6175536.83436181	3791346.65286687	8455022.05186202	7344845.64058677	19316900.8798028	17378810.7829038	9764811.1752934	16291265.9022147	5966229.33458619	11532903.3858028	38559125.7505398	19707337.746323	37786562.7233547	20051107.2200661	15943354.1547014	4278508.62721491	6302805.95606307	18551780.2014807	3437274.6846849	4605096.31569705	2919593.32526416	3426828.22093038	3663530.30231849	8802847.01478594	33564199.5905307	4812378.78597031	33144829.1454097	4260770.47000865	11904886.1674372	12388604.0947712	1322698.39268289	3572858.65697841
197	M290T632	1.87846140910029	-1.96313937284483	0.060923865211169	0.131357809499962	290.235973536105	290.216491540773	290.26209032666	631.991	629.583	637.18	35	13	14	8	http://metlin.scripps.edu/metabo_list.php?mass_min=289.09&mass_max=289.39	15522222.8031079	28257911.6709232	8415113.82467996	15164190.5546421	16823568.9443417	12411859.1852608	31453500.2407819	4957447.64681847	55711383.8431332	16551635.4428144	13154828.20226	11795208.0418657	28937356.8096116	8963439.15264384	15384364.4928274	35420741.1261196	9636200.12208302	8953281.73053229	10474010.3654837	11431794.9109778	60350502.9978767	30655062.7181059	57781300.3861492	35185655.9985821	31193307.2219746	14904847.6040414	14083522.4578058	14335516.1196497	3684388.76357096	7617705.27433692	4078267.40873672	3142707.02674258	3462815.32473885	12587383.9361659	44352715.3810215	7962197.55849754	41057652.35143	10621991.7727676	15095898.4573257	25465345.1147307	2554517.40748529	4527377.38498071
198	M456T143	1.23125390908242	1.96541493558843	0.0624104490396107	0.0810859141739797	455.539270855903	455.471187852156	455.557041219684	143.047	132.828	151.224	37	11	13	13	http://metlin.scripps.edu/metabo_list.php?mass_min=454.39&mass_max=454.69	63949183.45915	105803726.326002	111385176.886301	91729953.1380869	115222610.870482	130007861.595083	68699127.155847	138259130.898328	39576475.3650638	106630206.812162	97730833.7445783	98236633.2458823	97878709.4907475	113818162.447945	55242109.7167021	104762372.402431	117921772.569704	50065096.1298071	114892157.753059	117969812.656345	40381413.2671305	67160212.5262052	30267529.5547472	76829217.523151	58025991.8917428	77944475.4316133	94202757.9786477	96547450.8410575	106972253.034026	99109794.2517051	98150238.8338843	105230231.371558	97103270.4379858	122700544.989013	70418881.6282615	122533977.934922	71854054.790447	114569254.51555	89597101.8889932	82272641.303321	69800859.8075102	106790184.712708
199	M253T77	1.46527031542303	-1.92260503211781	0.0659349816914936	0.151859506590632	253.157758782537	253.141275034305	253.221264632257	77.1029	73.88	79.239	12	2	8	2	http://metlin.scripps.edu/metabo_list.php?mass_min=252.01&mass_max=252.31	17434834.7786189	10460332.9243527	7187362.2394654	13978123.5798334	9816530.37220506	8709209.0128125	17338111.9024965	4638031.99185778	21347472.938664	8854638.19783083	5979319.12011885	5235461.64181944	11266812.996382	9784975.47772877	17377136.3788701	11708014.0029672	10866603.3323558	8407247.9077721	7888272.44258568	10895686.6303053	22036840.3624315	14450278.0763635	18227310.2267568	11934103.4077505	13151085.0638174	5550461.57388571	6229288.05831443	19021062.6653928	5574325.77251925	5786481.96352843	5359629.15537388	6203255.44360061	5276137.92173745	10427490.0906983	25058260.6885868	4968332.38532564	18164829.9010998	6633117.77451883	8977699.15557417	10349223.5141082	2428501.01820497	6096878.86239784
200	M61T600	2.55821501299553	1.94447969128288	0.0668505755450985	0.0104328363426054	60.7156641498864	60.6849476692253	60.7413577994342	600.4115	594.391	603.99	12	0	2	10	http://metlin.scripps.edu/metabo_list.php?mass_min=59.57&mass_max=59.87	3275179.51679611	447021.253706658	166549.740975876	1627436.71960376	1029106.93119695	959179.989760653	1397861.35493423	1041278.23501647	930425.112687607	5134266.13856787	595654.97639305	1960772.75748127	2715147.4706602	104975.641285289	3501136.36567003	545625.224510863	267135.574371353	1695135.3617612	1838944.2665391	1462483.25260254	11571277.004886	2015749.23899011	1696136.20021749	11766933.6642646	1074184.89511064	2186165.12556787	643725.441151164	197334.677836031	4637914.74392752	2407136.64050233	41821.6067050347	2390565.76498726	2410415.4845719	8282100.5840843	27015637.7521511	6872810.99721685	16879953.8362961	7637526.88897016	5379419.21413081	17041349.5042961	385266.661958147	2128489.94749942
201	M167T260	1.96306344779696	-1.8940373773074	0.069557401792105	0.142106981935184	167.060422013627	167.05183425319	167.068950048235	260.325	253.537	269.121	26	11	9	6	http://metlin.scripps.edu/metabo_list.php?mass_min=165.91&mass_max=166.21	12310240.641245	9507115.12388689	5865821.89937813	8869022.97162459	16200147.4930682	26901195.2210313	43262708.0298351	14770918.7513897	66306866.9228182	25584816.1911797	18925019.1664441	14642693.2486775	19129031.8786053	3277474.03512156	9019631.6836996	13076436.688479	7984268.12497706	9576874.83554023	5705476.95738281	20497271.2295568	23714601.7958496	25378362.1469672	52568509.8391647	47080271.6391316	26082663.2692486	14043718.2975664	32654439.9829151	3654707.10734936	1646972.68574584	1297271.12886797	1718476.70885284	1341333.07185668	2286501.68671953	12690846.6720848	14035256.1335688	9936967.56518606	51463769.3905624	10125853.2186047	13325195.3207507	21415337.2109728	5746032.17330069	1226848.79515482
202	M76T564	3.42419542330212	-1.93327303626333	0.0708030914424693	0.221908971300083	76.4288923926621	76.4151632548555	76.4563611774501	563.534	558.046	568.393	39	13	14	12	http://metlin.scripps.edu/metabo_list.php?mass_min=75.28&mass_max=75.58	372760099.285123	33449007.0983851	56131982.2481837	145435574.502759	37623652.8440466	40304324.4503194	102497220.284763	6894798.33861555	24060535.0177662	9859205.48383738	2343363.31164061	4363203.90005267	10892589.5514046	15669931.1118279	313932274.016626	47197421.8407634	63371085.7569003	81063414.6046739	20302246.5502431	66851074.3331394	184727331.178733	33376753.006411	28252078.4611407	23661628.0931724	7276659.01088628	5256961.96635694	6715275.30028267	39928446.3038306	33007649.0421896	4030981.41330144	6381066.65052083	8522017.62725115	2141349.93324533	57704880.1751034	109525815.202448	4676604.84506072	20959561.650098	3601237.28830544	2882149.37742109	9759301.38101323	816763.346034336	5225445.56827186
203	M576T142	1.15666323362535	-1.8638017774224	0.0737399135023002	0.0297582253803393	575.537489749456	575.508330185106	575.549383118551	141.85	137.155	152.294	24	9	6	9	http://metlin.scripps.edu/metabo_list.php?mass_min=574.39&mass_max=574.69	65598637.2079944	59208105.1097512	52673463.6714687	64134983.8849633	53861372.4428143	61606341.8845869	58117225.6073789	47630373.4755743	35837339.7949603	40313689.4669513	41231794.658998	39613998.7514894	50872520.3909258	51088442.8228007	53483259.6445658	59867988.3813639	52922167.3839585	61143502.7387315	49392121.5690838	55083379.8441378	54943495.7631724	39030474.3769156	30555093.0570006	38817235.9043784	45679908.6062758	44036149.8528513	40029547.7291561	53191569.39075	44890820.1509384	39303624.9569277	37845923.3018169	40965607.7008346	31403627.0742882	59178934.8408734	62136929.1289074	42867998.9380718	37486282.0364907	39845598.7001838	42231415.8437642	45550824.1147775	24398569.8467193	38214800.5179226
204	M98T113	1.71040129011767	-1.8311945088631	0.078661803491372	0.132800838391556	98.175302688163	98.1412756987657	98.2453033573219	113.276	110.387	115.965	24	8	11	5	http://metlin.scripps.edu/metabo_list.php?mass_min=97.03&mass_max=97.33	4159506.95992835	2031290.33581012	3662419.2973623	8919347.5793591	2958771.62543064	3895038.35225326	3831625.78394982	2029618.95038226	7693897.63606434	6142243.44595439	4567569.70684598	2519587.60346229	7312955.05423414	2026068.42985939	4580204.08255216	3892830.47023581	5199622.40877157	3538220.96807725	1574908.43047831	5726298.50783747	6947255.99750068	7306301.97238755	11072006.3693083	13473464.9768504	11482193.5232635	2808251.03023414	2656739.7131488	2609186.5810719	986884.197766579	880751.019942005	1268143.62175782	880225.616695505	651817.120202398	3734749.73455344	4778592.09534157	2311990.32566429	11635437.8619364	4670502.91224191	6887802.53034369	7929725.22900666	898928.559166371	933597.051092455
205	M289T54	2.72998377810735	-1.85562553331067	0.080853310432492	0.151626901647877	289.116085238642	289.073677182432	289.150990365427	53.542	48.3229	64.424	17	6	8	3	http://metlin.scripps.edu/metabo_list.php?mass_min=287.97&mass_max=288.27	38282353.6429622	30631490.843895	25830700.0309508	4794174.75587852	8840112.31852635	5146755.50846278	9728223.30516708	117897885.703212	45962695.386958	6542380.39915006	6805498.66989039	35265932.0793603	125265843.078089	87137978.3596807	31826893.9216543	29527797.5896932	20309050.8945994	9198367.44427513	10134723.2403594	7032033.55606556	69561970.4334001	248099685.98761	141014350.922014	9692435.2631385	5570281.63461494	36428314.1699124	118040127.660461	87782140.5302625	5640326.16341004	5207193.51088082	7184089.54587565	5813101.89119044	7351121.63332414	5662431.94502344	26548147.3068336	60827789.7441406	103295518.410189	6116827.68997355	6672311.86955076	21287525.362755	24977027.3678355	15329800.3252397
206	M163T234	1.50763213466205	-1.81759771424492	0.0815739815985332	0.188959040223733	163.035999403375	162.970599791361	163.058692523983	233.9495	230.602	243.381	14	7	7	0	http://metlin.scripps.edu/metabo_list.php?mass_min=161.89&mass_max=162.19	7549084.42380073	4059654.85396921	2938689.7399476	5648121.54467685	2596722.41607944	3386409.45315652	7175157.52431245	1019984.3883769	9064347.700334	4081350.31894376	3250612.97852433	1955763.37896688	6012083.91538998	2776821.84142917	6933304.98579222	4228644.17132691	3588931.99568364	5722426.03688584	1864924.22640899	5518680.63852495	8395169.18873923	4628241.7535786	6844293.90008393	8264385.61304847	5651322.14946151	2189564.63933074	2521971.24816954	4403241.17056526	2253056.9635256	1123116.13435851	796232.592117747	1483192.1648253	1043484.87083226	4485606.61606963	7287954.78893914	3068316.29844382	9968322.78747751	3316250.81569907	6294106.18760301	3735465.44633076	585321.79369755	1490849.79987404
207	M271T292	1.74720299007923	-1.82572078387225	0.0821503741337279	0.249503091886412	271.226029859371	271.153179075192	271.247017532477	292.1005	283.947	296.712	32	13	12	7	http://metlin.scripps.edu/metabo_list.php?mass_min=270.08&mass_max=270.38	59602752.539819	24169859.0434857	6467972.30182617	16328416.5497282	21936450.1065037	10144622.9537155	9298224.20829463	7569761.67011279	13257617.1378906	6208826.4410436	9085092.69233123	8566065.82687184	9053644.39371679	10339056.8145953	56813497.4889665	32505923.0537626	10877816.3712841	28784837.0717969	17663210.9137756	11536526.2478055	12071585.5985415	7613631.49924337	11950646.442733	8399119.94245364	18366914.48025	12900320.259987	3485006.86534146	20846312.0109911	15096479.0958597	4564967.06026189	3675622.2226799	9712350.42286341	6373303.69392116	12626003.2420104	31464294.5728228	5391471.43028829	21781317.8365299	3615785.43153487	11570730.5656871	7680659.30485614	2496093.64341951	9220446.36253496
208	M102T680	1.97783350389609	1.80334567915896	0.0861588136619722	0.0171913467546496	102.17945362807	102.159312263498	102.243367683717	680.155	675.143	686.877	17	4	4	9	http://metlin.scripps.edu/metabo_list.php?mass_min=101.03&mass_max=101.33	7094914.58956526	642788.967615839	397926.318538102	3090724.51757414	1334900.85645281	1402821.31228597	1533241.47747696	962340.67076434	1587098.35407169	3973337.57634661	703748.338808096	2043607.247335	3224077.68851161	432997.508076086	6576388.25182161	450490.838794413	744110.790636941	5408340.21822065	2449992.18054236	3413203.01533795	10595464.399084	1651131.1073511	1413961.01380671	7381343.86172398	965837.527378653	1590956.52158203	893073.673253094	790154.716432256	2430826.06115382	1569219.70228028	238677.471400487	1989580.0415026	3028306.10518547	8364045.56428495	13927555.1524289	9421639.02350782	13409042.3127527	9128288.68687193	5282515.88898596	17059704.3454116	446270.150670759	1370708.01902373
209	M186T111	1.62659782539085	-1.77985489108367	0.0869379676150603	0.186456740074118	186.073558669107	186.042974186623	186.142130527626	110.67	106.069	180.233	27	11	10	6	http://metlin.scripps.edu/metabo_list.php?mass_min=184.92&mass_max=185.22	13878894.7732935	4320651.31745751	6057862.44411794	10831490.2746747	2121794.95366092	3513452.77430407	3944000.786393	1550811.46110597	18046201.0302732	4098769.78287827	9488226.33532858	2914451.48660024	6296352.13011665	3393643.90284069	10606430.4031274	4938303.31842515	6748569.26491119	6903866.33423527	1365198.30382906	7763658.80186089	10603610.4351283	18630005.7877282	14421067.5180179	12189359.7981228	18348450.1058414	3632876.36126937	2950792.29682599	6574464.36884222	1252093.50211224	8896484.99580401	1075140.52039467	1476917.57634021	615267.394807819	7454055.89455361	8935812.02274305	2619782.81021281	15537687.5572601	5405237.00020327	9769507.19081603	11633531.0810323	1452318.37492472	1139671.46604176
210	M248T641	5.36645971359945	1.84135077088932	0.0881669299117747	0.0323271048371971	248.166155054807	248.151716447302	248.215424739694	640.599	639.826	645.304	7	0	0	7	http://metlin.scripps.edu/metabo_list.php?mass_min=247.02&mass_max=247.32	3308180.60459897	854117.219319752	502989.099015109	1095597.63587039	2562203.07953076	656182.929632878	1021724.37806624	630338.987382015	996625.832691087	1497998.35323942	817938.873607952	1563159.79507316	1333203.56773432	406109.021925584	4368060.29585578	1288584.81733654	524738.015696701	2581573.77340509	3094682.96590117	1249926.52487346	6257756.08003485	1460972.3884915	1302894.46212814	3349560.99152454	2149172.58241193	1487690.53017393	567605.216957242	672459.261406075	6086835.58966719	2446240.16115101	235482.479233366	1477393.96524609	3742041.55245678	6265264.5551705	71510165.0214326	3883377.28744147	30214020.5754727	3683697.66982286	10924629.865259	19865711.7844176	527229.873672056	2040432.18216375
211	M343T485	1.75107072155798	-1.74057950589006	0.0957680676180552	0.27850080721984	343.336018877274	343.274230454649	343.353835731606	484.998	470.177	494.316	22	8	9	5	http://metlin.scripps.edu/metabo_list.php?mass_min=342.19&mass_max=342.49	13797943.4673951	9833811.80692293	4591073.90121528	4473400.13181818	15630674.9845087	7596850.58133825	59399413.6197211	4853904.49116305	24228498.7750251	18831364.7058908	13822790.7019785	4731022.48630115	12572038.6954098	6588629.99585228	11210313.6044542	13109645.0810579	5272047.47667237	12312143.7431802	7434191.08154474	4559261.32042116	23754440.4219594	21508123.0858594	22286930.1665466	46346131.192368	26376773.254498	5218291.63753755	6088506.57301009	6649621.03337343	5100206.56163778	3960638.51948559	3152776.36675738	4856011.78741014	2786901.72434465	12492129.0853105	17399455.0376881	4711875.22095071	28561580.3593622	6870508.74695852	13961415.8546147	11385622.5792203	1963509.96464024	3938346.14352471
212	M167T150	3.44332357341601	-1.77791385797328	0.0958664353111107	0.1449415088664	167.034442906399	166.98150545293	167.058354343764	150.303	141.028	186.265	35	13	13	9	http://metlin.scripps.edu/metabo_list.php?mass_min=165.88&mass_max=166.18	89521710.6635137	66207371.3932047	45378517.6675884	24980331.4943231	18615529.0718893	8678666.02432182	24762838.3589819	5272410.08710476	181520903.45133	21033883.1123708	49372059.6006189	48992364.3423095	123083302.616621	8113343.89567339	68823049.1422678	82110351.5038569	55072009.5285977	57671515.3562706	12063429.1586664	11504296.3946915	39068132.0747172	12651101.9680044	146330979.899686	27448621.5739381	101401255.922633	57570056.4762468	469680401.723698	7228987.64457975	10806524.2204372	7560903.77785931	6875711.60399054	7084195.40648174	3642869.46700001	6160064.61099274	13740041.639846	2904883.41305927	77670992.5088143	6739436.75387795	26479399.3527945	62312184.3027031	99642619.6900801	1960263.49851654
213	M272T494	1.97853719372516	-1.73137250051083	0.0959322249890362	0.22706301784126	272.245553334265	272.20011239828	272.264742424717	494.3845	459.247	498.282	36	13	14	8	http://metlin.scripps.edu/metabo_list.php?mass_min=271.1&mass_max=271.4	41109718.4525496	28061825.3751021	11992558.2518035	4288024.51574066	14649921.0758722	25395921.9225255	31558266.1543062	6051357.44580509	102798902.53097	12998536.4346233	28007072.7720915	8007812.35576446	46069938.7240903	19423328.0950253	37291969.118692	33171953.8960816	7732463.78259848	29009872.5837009	10846261.8591219	10042516.6840385	51782102.5313074	41227140.2715671	95355228.1592914	39387363.7871961	92214919.7150424	12661280.3305699	7609964.94443212	13836945.7110061	5193002.43414405	2294915.27776783	1546551.16300233	2528497.29908626	1475134.97919311	27941611.9298095	34517096.6331477	8742960.73795744	81865215.8544202	8503600.44312308	34842662.0994756	28471363.0642052	944973.989475381	4832651.27234786
214	M61T681	1.94472713046467	1.73967799975313	0.0969178616570416	0.0154063345524933	60.7130390386406	60.6710111813647	60.7398446926434	681.32	675.863	687.493	24	5	7	12	http://metlin.scripps.edu/metabo_list.php?mass_min=59.56&mass_max=59.86	10943974.0603321	751199.162999357	252513.6973827	3706369.31172255	1754951.9567517	2106807.32759738	2461336.75582665	1369220.62325099	1939233.3216098	8294579.18540283	951701.966583889	4196316.0901622	4860404.74083246	342047.246086298	13813890.0212828	1160899.8649979	1199119.13710277	8128155.05818545	3696991.12427511	5116007.61112939	17043948.1458709	3264779.27333705	1703801.5292155	13455005.3424901	1556961.14640058	4509481.45530285	1062805.39450825	1070225.17285701	3944383.86430715	2616130.32604121	94983.5124291833	3658341.35712141	4353811.63124597	13969171.8152483	24776244.0541385	16028048.6450794	25578189.4530032	13499981.0947461	10548452.5372581	27285362.3551679	722468.038222498	2244606.51683195
215	M548T535	1.29402778988492	-1.71577143965172	0.101561219380691	0.250682372669846	547.510876771082	547.477682530982	547.521571447021	534.687	485.466	539.367	36	12	11	13	http://metlin.scripps.edu/metabo_list.php?mass_min=546.36&mass_max=546.66	117779541.125238	59431367.5405456	100192856.037006	66473169.8034301	46938636.5924312	64709624.8487925	55227685.2489906	32296570.0694967	65874110.6897064	51248158.6912482	36481462.5316365	30623661.4363581	65398997.8712263	112597693.835486	59212812.1514153	69985453.8170746	76679149.1121524	68343242.3992773	73244624.0469001	132239305.703194	61438973.5428443	61748846.0638778	45352113.9924623	42215553.5962092	43653022.0701184	37629908.8189224	54927246.2134686	133700600.63076	39236431.6381812	45658348.5810295	40309712.7348793	55730029.6718959	61719882.0109967	83858798.7103608	53577320.4667026	59548699.8074971	75524032.1607757	44621844.6731741	37263995.7708523	38171287.0132501	31988862.5147339	74947035.3283867
216	M218T285	1.67848165766185	-1.69153391303204	0.102801421490978	0.159888594890736	218.047279306817	217.973214522421	218.104467676424	285.149	282.08	295.154	16	7	7	2	http://metlin.scripps.edu/metabo_list.php?mass_min=216.9&mass_max=217.2	6763455.43958136	7122451.9463112	10114183.8113079	3176032.02676434	959867.215667791	1301425.99465723	7414701.66078515	2027396.30937245	4608903.78718195	592469.789393601	4906095.21873327	1327058.74253457	5895953.29827944	1375070.01609638	7426295.54038848	3317441.05329232	10750809.885307	3656281.19751856	1294662.03044206	2094602.16159655	2405940.76536743	3168236.70193178	3182091.17023727	1849594.55238035	5923746.6061199	3637130.46167952	3501370.88496535	1961443.91168484	1482480.99337473	465541.985524126	1807340.48385537	524765.712771696	418455.861766575	1552255.99927603	3199905.07659888	1428420.40041394	4712959.39946492	1194856.52541342	7090955.00183484	6991262.00243284	804143.858200256	599661.694772128
217	M319T582	2.09530914360674	-1.71323711110054	0.10406903089871	0.192909308608694	319.228545996032	319.138215928273	319.246808701076	582.2445	577.425	602.933	16	7	7	2	http://metlin.scripps.edu/metabo_list.php?mass_min=318.08&mass_max=318.38	15417048.0696588	9297013.71629955	4471956.80841344	11078719.8852666	5780451.03016738	13265412.8586042	56487499.0149698	2041288.07369904	3707717.29414986	2418850.22534724	44363058.163495	3238017.94718352	2162442.36165434	10549954.8089203	14072886.6354457	11271077.0976086	6337093.52230529	9868791.55523857	3598930.57920034	8290803.06684559	16062553.1641085	2995526.34010391	3539457.27931875	8128493.0332255	45497003.9103569	3263265.97306645	1375890.37218905	13956582.6206342	3147117.32469042	3370439.52372327	2327899.70258542	2870223.37249323	2291382.29936287	5763985.35664191	19159536.2731037	2246465.79366756	5948977.42294487	1476862.29617123	11085664.1704096	6591880.60640226	1476550.89527487	3000285.1257487
218	M163T681	1.93506729075732	1.69906202661869	0.104365156954248	0.020247845340666	163.057219626393	163.026532464972	163.107997490845	680.821	676.099	686.292	30	8	10	12	http://metlin.scripps.edu/metabo_list.php?mass_min=161.91&mass_max=162.21	31863431.4579621	2401400.26837722	1183403.77776171	12058462.6043399	5708034.3206724	6098810.39823924	6908061.87564442	5430416.40840648	5888287.88478306	26210753.1910965	2861060.42395643	12775377.254425	15567561.620776	1349446.45940442	38564692.8822605	2743518.05245025	2951908.84632899	21598307.9401803	11781833.6556759	18204733.2287539	48994174.7278698	9499341.83078368	8289938.66611413	46113505.709731	4262948.56158066	8309345.07803041	2871260.44520725	3078193.27675083	10995566.9856771	7057564.47878105	497537.024666565	10605838.0366221	13356437.4226952	38914199.4813495	65893106.476377	48477707.6094004	78578626.9550688	39225057.5401677	32579517.4121837	85521423.5527912	1907988.37141132	6159986.51431129
219	M103T681	1.90292118053934	1.69008195158014	0.106021648359131	0.0197717255535852	103.137535601673	103.091063582525	103.156027803794	681.297	676.131	689.331	34	10	12	12	http://metlin.scripps.edu/metabo_list.php?mass_min=101.99&mass_max=102.29	32634529.1554183	2863167.15715859	1147057.69744271	13884257.6047608	7627490.4285036	6617258.0911303	6585815.22103524	5262491.93320072	3676798.8643225	24660013.1657311	2746319.61258301	12585602.9497561	15438918.7895858	1219676.42606182	37514336.0220286	2383821.71533422	2403976.76017921	23810215.789345	12786383.4562026	17678407.3202989	49819483.8977493	8118877.37898089	7087640.63785313	43786892.4339075	3597044.08323066	13344170.4966572	3706416.84842269	3215611.43585719	11617027.3875355	8040352.25056704	551423.001255784	12030068.5726595	13862675.3334848	39167130.3925641	68132730.6742706	45037725.3325247	79998873.205401	36490959.2533792	31098370.3275841	81174840.1223608	1790116.95938705	7258626.12659643
220	M457T144	1.22031949952659	1.65938628762959	0.109084163356927	0.153422325519722	456.533401231628	456.475201024715	456.542261003157	143.95	139.219	149.193	13	5	1	7	http://metlin.scripps.edu/metabo_list.php?mass_min=455.38&mass_max=455.68	14052952.2454667	23985395.9069486	25483127.6811558	21048497.0330843	28481927.1480815	26665619.5008417	14512195.2484352	27710384.3609634	9016998.27325637	23624629.6414348	21722602.3089161	21032487.7438645	17786777.1748205	27548617.2437037	15372400.9179578	24336396.9841892	24562636.9090058	15403915.8102263	26908623.3320415	20187181.6512634	9198942.49753451	11665754.9064672	7280292.30066784	14921915.2020272	13914482.3314145	20031225.4393993	19191456.8183196	23371071.6116614	29702380.0842603	26299324.2965156	22882287.1804731	27414709.5958542	23030988.5955541	27850913.8375935	13315488.3566193	24704383.8197437	9224492.33004151	22309349.3619678	17917930.075724	16778327.1041965	13241034.0825462	25949580.792941
221	M121T166	1.74927015552369	-1.64307490486602	0.112408164504252	0.194935496614496	121.07171073731	121.060016093588	121.127515742047	166.329	159.598	173.338	23	10	9	4	http://metlin.scripps.edu/metabo_list.php?mass_min=119.92&mass_max=120.22	12764610.0145255	11728862.8842478	6390482.0006501	16020687.1921865	5972653.13881589	9413525.51860474	15553396.9140559	6642461.8132436	31262671.1872877	8834005.9685923	7372183.66973745	9133023.70607393	9119450.21014016	4097809.60106169	11588730.5262294	10411168.3248137	6912348.32353747	14612360.7425965	4722161.57525376	8866810.65534313	28303324.6187515	39649897.3586938	27229452.4034217	18799397.9525004	18943993.4145854	9317728.8274403	4686309.43519664	7149537.11866282	4158558.91070065	3795752.35901458	2928091.1690546	3649903.11396178	2283722.43454042	10255157.4196783	40952750.5522525	5166685.699328	18134983.8637418	4016278.19895425	8234405.45967392	12540370.8232362	1459584.03717178	3155948.53062735
222	M181T349	2.31129300511146	-1.6481979732024	0.114313878832031	0.290544273746494	181.046086842916	181.038381685723	181.059789152166	348.695	336.04	359.964	18	7	7	4	http://metlin.scripps.edu/metabo_list.php?mass_min=179.9&mass_max=180.2	33258957.0423486	8429895.59292686	10944473.2421365	11380112.2707467	1447222.49945321	1792567.23920808	25715451.1642761	1867565.88437721	71400138.7384533	2923201.5295238	23112171.4051538	6328338.23827406	6461673.03345478	3304833.8589476	30507690.2456049	12807427.9460885	16882751.8549392	21116512.3423306	1549528.77522437	2229124.766495	16792813.590144	5937225.6220638	58674808.1092031	5660686.09218603	59011011.5050522	6489226.80427546	2230361.10195142	4292152.7965391	4205333.75262174	1459565.70753104	1491449.39962871	5049124.19170581	1410457.97927431	1937938.23760327	8482969.49669338	2489946.41091137	33658689.3985839	1297282.51411275	32993709.1945178	9326240.90657544	752965.221735585	1091392.24542496
223	M560T583	1.83576002895139	-1.63353328203885	0.114519100791131	0.0447821289206747	560.380608458812	560.341851592267	560.438661474977	582.562	581.051	588.104	22	6	11	5	http://metlin.scripps.edu/metabo_list.php?mass_min=559.23&mass_max=559.53	23489573.5447931	3281864.35437624	6763299.38038542	18257580.7138533	4956422.76794816	3339057.29992169	16625686.2495221	1413091.91656783	7746945.47469997	4451473.08583051	2994159.18844432	1565284.3860424	12537636.4911759	9724614.92306398	28285508.8769063	11350700.2597073	16363581.7449766	19191872.6617974	6656120.72450805	18683939.2536379	68411917.0235973	27188464.9984586	18389018.8831045	20499395.2213954	20488504.0587703	3167543.31217395	4696566.00922193	24172862.3630694	2754036.23754903	2439772.15631236	2106661.81335379	2300276.64869585	2101912.28052687	27558048.7488843	49979149.0816019	3193816.02977789	26001879.2073455	4414873.21236929	17395629.8827997	12091955.6738813	1566655.2628324	2731272.4796412
224	M243T493	1.64231608926809	1.6280619138515	0.117532465147161	0.233115011366961	243.241428011747	243.166428473759	243.296096216406	492.805	490.615	514.142	12	4	0	8	http://metlin.scripps.edu/metabo_list.php?mass_min=242.09&mass_max=242.39	2577307.49617574	4261071.40174659	4801460.56759912	2409564.61227376	5365788.96879252	5713432.27441621	5660901.97098731	159044.657756911	814854.906284017	224900.47950506	649083.021341614	335798.238910543	280933.098552741	5585704.03828495	2447014.12460803	4656934.91694841	3183692.52924546	4022505.18455244	5177406.78492569	2261434.00045751	6128607.64951872	776805.926728693	1020635.33414236	925620.266555907	785014.681909092	227375.899868435	233865.121161336	1888149.70621657	3553661.73876953	4961287.54408435	5200627.45510624	4520362.18280322	5269953.4147686	7975687.82320713	7713907.62277735	263521.568309263	1209041.94920551	313421.254047431	635875.970376655	8357584.77324278	210185.360225862	5218516.64644186
225	M225T160	1.64409320032093	-1.60824613099074	0.120734918289798	0.271123249342339	225.119847056602	225.05754898914	225.132928467585	159.598	153.282	167.424	21	6	10	5	http://metlin.scripps.edu/metabo_list.php?mass_min=223.97&mass_max=224.27	16265989.5363253	11874633.7992528	5039536.97794954	12677788.8704391	11346860.7685794	6841506.07488819	23954445.7764824	5078770.9610625	33759239.8340475	8841390.19125961	8217412.65276366	7190319.53530193	6193536.71170074	2434498.67774547	14294978.736458	13750008.9735881	4663958.28471449	10767135.5971297	5502916.19345391	6963048.82408378	19445447.8570509	15578192.9483414	26642298.3074712	25884156.1835199	14495040.4775861	7942907.81047061	9021112.03331827	6187139.02408071	2779632.87435619	2155628.56397572	2084062.03781409	2186898.16843655	1716208.69855435	5681481.9214037	23050113.0562572	3873867.84203568	31873474.0288537	5559027.87809474	10315838.4373703	15958140.5073822	1544019.09505387	1396833.70596505
226	M143T597	1.85582479684917	-1.60481141998182	0.121569973499661	0.101929820717271	143.086585601957	143.069822968151	143.121806209118	597.382	590.57	605.022	15	3	9	3	http://metlin.scripps.edu/metabo_list.php?mass_min=141.94&mass_max=142.24	3345414.13205003	2829485.4134571	1788720.25972476	8564813.0824763	1974382.78176938	2891768.80769176	6869158.8088084	508207.8303723	3699525.24039554	2646706.56090003	1891614.72402209	1617043.93388696	2446354.09497254	2186536.25644378	4260085.58560725	3819476.22169606	2078776.32650057	6167673.6832284	1498525.95480119	4848562.18317332	22364341.1348896	5704358.91165965	8646586.74270016	7527268.33440105	3906483.0287906	2487895.61748176	4231606.8440891	5851569.52980701	764917.568608697	694059.120039105	973945.106552841	1118347.07085833	492158.315334324	8164012.08922991	13781414.8341897	1487886.68507618	6456710.88701157	2606942.88582376	2306759.73066814	4213220.04873895	827129.35679576	1048424.64970314
227	M413T531	1.26643902238233	-1.61703218726001	0.122707494944296	0.172305161708178	413.457895884568	413.435601970593	413.473267740512	530.521	470.749	538.408	43	14	14	14	http://metlin.scripps.edu/metabo_list.php?mass_min=412.31&mass_max=412.61	185752132.384838	90720688.5054387	145600734.453717	133959994.592242	73574698.48831	76105426.9491818	66974212.5887886	71825288.5159261	66376803.6686747	80711646.1422698	64942069.7012142	80841709.7634719	89782424.5715464	112810825.912417	82020062.881444	102850853.332434	210990161.619125	179422059.836538	116723921.725537	214742239.625804	82113354.8277434	105343270.748256	73980332.2227699	82309292.1293553	74192125.3867488	77585134.0792779	96792641.4162083	184646904.071228	81699436.8659661	99631924.7493162	92638652.0196546	117451698.186389	141770093.825688	86017071.6452777	62030264.3333932	100436453.398431	72592053.8397857	100072971.22443	73066813.9366954	67555025.3832177	91020603.4265716	143502466.389641
228	M264T786	2.61124450878103	-1.60159927875892	0.123167712246176	0.115013119766019	264.155695269316	264.141585000426	264.167094331507	785.97	778.545	832.25	23	5	8	3	http://metlin.scripps.edu/metabo_list.php?mass_min=263.01&mass_max=263.31	7137245.29017572	1997613.57323054	552239.172767788	8313497.13963492	676508.278726503	2288898.403998	19278256.123609	211078.669112423	19281700.3906278	3549589.71936618	1478785.64587078	303311.181230933	4246287.78763831	971250.510487792	13852123.2760443	4778070.96915843	1817080.40138763	3951457.44331737	785122.599938227	6147565.48385535	55236199.8007158	11894595.5262223	29790794.9557723	29643994.7441508	18601092.2243528	440569.948867398	279652.391530616	5909662.86701629	280446.311479361	211992.207119868	293585.673941578	310857.488598616	323776.951318262	3912838.0563896	34398330.2618273	355597.314105428	23252965.5549762	575382.540008181	3052111.01312432	2705257.66874894	156853.026456321	300544.078185121
229	M162T682	1.81918808823495	1.60240641659544	0.12405805045459	0.0247244290359173	162.076910382012	162.05478499699	162.117145938801	681.564	676.131	689.132	41	14	14	13	http://metlin.scripps.edu/metabo_list.php?mass_min=160.93&mass_max=161.23	413300672.35875	32685481.3986541	11396979.8748316	177353595.443712	101226934.960541	82136623.1510362	86538908.5642591	93353116.9845666	74132242.7613111	344926205.755249	36472432.5164078	173282380.930721	230885382.925914	13248933.8647333	480121656.249339	36153794.7605611	41167681.3777304	311331898.836273	171674307.288	227091440.621451	643607993.11114	140379212.220831	100725742.752205	621472070.653269	62180217.730687	175150304.808239	52370342.3784487	39894371.4967929	154943971.008923	102457638.982461	2320057.9411358	149158390.800872	172138441.83773	484950654.901667	836117705.912295	594879692.253218	1073687817.76629	502685678.867528	426959414.116004	1024131685.80888	25551979.3454777	95541529.9977079
230	M174T547	1.53229849970944	-1.58576091477278	0.125237266720246	0.310172832239595	174.09213437367	174.07331163088	174.11632126001	547.4485	537.738	554.18	42	14	14	14	http://metlin.scripps.edu/metabo_list.php?mass_min=172.94&mass_max=173.24	19012877.4543536	3269348.40773885	18777363.49619	14098574.6307333	32724035.6507055	32220315.9525842	30387124.8098828	32353623.6039774	121768230.680923	44970145.7558514	65555134.1063432	26694743.7344722	108688435.858084	20309945.0915429	26459272.3991148	3720352.33970051	33954456.5200899	40450300.9189596	51618187.0697011	28551556.1763348	48002182.8351926	104146352.461118	128306066.28894	61428684.767945	78203841.2602682	29458064.5227842	76795166.8128111	37447076.7994014	16544580.219992	1792187.06382016	10036812.3659254	13299334.5350612	12965646.5610672	57047581.5399279	51290941.5704779	46009044.7244463	100043725.228033	45490404.9732578	56791032.3901223	55591081.3424073	14829278.0788767	6777318.98026837
231	M316T416	1.58328551683559	-1.5584215590397	0.131746224667934	0.0730211887748735	316.339778442775	316.295075702142	316.3981946901	416.226	411.549	420.259	29	11	12	6	http://metlin.scripps.edu/metabo_list.php?mass_min=315.19&mass_max=315.49	39178574.9380381	13606420.8435922	11532658.6296362	21816379.8941458	9563928.8134772	13766149.1266773	9198961.29579642	11591382.7130328	34175632.2481194	18374418.2845663	18200986.7733248	14679046.5819542	16818830.9067386	10581911.7074459	37038406.0417189	21223187.1680156	12566201.9178668	22983488.7477765	9278103.6505923	32155511.7532424	51716179.8822681	62618502.9032747	51941746.7180569	48166908.4053925	42259991.7642957	19473855.0029101	7941900.53092048	23111875.5912518	8311169.84909156	6031379.89585074	4802152.02176776	5276582.18169904	4782462.62256385	26844197.5427764	36419909.1698345	17982438.2408317	84230214.1220172	16837021.765329	27322523.3966231	31539144.671933	2557137.49469129	6530544.83862209
232	M338T422	1.62482890296285	-1.51688739312953	0.141507212974501	0.182572884776668	338.32318519405	338.246699115926	338.348511048195	422.44	365.875	426.469	27	8	12	6	http://metlin.scripps.edu/metabo_list.php?mass_min=337.17&mass_max=337.47	45840678.8495419	5667897.83864799	4883455.49820066	19504353.0797254	7299707.14385743	7275017.34584041	7310804.93938829	6281174.3575293	30398860.4449591	21565681.6967367	9006043.88639299	10597151.9407163	6330777.84735218	6752450.92475979	47418309.5536719	7690723.26047149	10307494.6649052	28023384.4144223	9534927.68680319	26505241.5100153	15607321.780709	30609342.0432934	36150515.7870478	46543610.0686259	11414923.1602264	14631760.1761534	5296900.23806435	21020193.5782629	7285192.36689111	4502283.85404499	2349286.60927977	5743038.1036398	4080575.52058381	20678335.4938626	13002672.2126385	10160982.754787	62663857.2974231	14142917.0699176	14817972.3052993	24719167.4055948	2601629.59498315	4505856.10366835
233	M342T477	1.60027731953721	-1.50741905278439	0.143766749061053	0.126907497619953	342.341382448238	342.31330184128	342.401451562824	477.1785	468.965	479.735	34	12	13	9	http://metlin.scripps.edu/metabo_list.php?mass_min=341.19&mass_max=341.49	58322063.7274569	38200161.7651738	13250511.9806535	7663745.57174114	11613778.3107239	23555527.6501969	19615372.0453949	5690022.37792144	76722552.9623277	31398394.8779805	16271198.4322622	11888700.5346918	49243737.2684105	21629924.6534966	53270896.7466933	56371467.6901469	10627209.7897933	51847853.9021591	8747226.52441423	25514716.6710888	61562050.7463147	92694877.699173	95839695.9161824	94321592.6324081	61025781.4971809	20229086.128289	9033251.09575531	34944085.8355442	10835207.7518357	6273639.80807956	3702218.24460154	8061677.19890055	4463331.65663273	58496056.0685058	61274440.5609171	15450131.6025983	109284297.022731	21904951.6272401	50452208.0638078	58902248.9312501	2954714.30447979	10390277.4785636
234	M197T219	2.31681911626662	-1.50297521981825	0.148165090168151	0.378465845847606	197.047018246233	196.984280890675	197.069181709645	219.0525	155.543	285.591	26	9	10	6	http://metlin.scripps.edu/metabo_list.php?mass_min=195.9&mass_max=196.2	75916024.0702402	35034319.0663976	17182137.0450813	17119134.7987353	2292769.73033451	2234945.55872918	24289838.1634632	1748348.40195378	212665368.744275	3316908.14550859	68954324.2793565	41713513.773938	12762068.2724164	3296865.87855829	65672232.4953206	38661869.9842563	19520982.9862701	77667788.9787894	2403287.73601786	1639743.06726548	13663609.8751754	8620189.11708713	158755383.690511	5709558.21077986	147405778.851915	50910204.8385783	3735583.34931762	5422211.0996694	7345371.97988183	2959763.07290313	4679873.11105981	8932527.02836288	1234295.72260889	2247282.33699902	7590350.11997664	1877903.09846906	85695085.196843	2467097.91378677	60624050.559337	70023638.6335023	1359184.1641875	1848019.12740247
235	M364T378	1.71059992973095	-1.4524940539243	0.15839051147433	0.334805787857465	364.164105145346	364.083058423645	364.265067875554	378.36	372.842	385.258	19	7	8	4	http://metlin.scripps.edu/metabo_list.php?mass_min=363.01&mass_max=363.31	7172316.80054589	2593886.30645494	1860716.13702182	6140056.68341666	14489829.3176251	8725110.77712828	13668005.2189864	1871331.36450624	24419264.4613019	10304476.5855039	2920570.11157454	3947065.99733053	12560779.3402276	378681.151287447	4420824.58505109	18491431.8357356	1889831.97188363	12667338.7119107	2635351.34652155	12486040.8111048	22403378.0961592	10742570.7375883	19298937.884203	13103162.3932393	9869657.31177622	4061661.73744234	2894081.14887153	1076573.72551163	1448509.15144666	938445.958541061	171648.397375	1632271.87883782	442630.745298147	16154487.3929219	20813788.6584375	1863841.54401194	20408696.1264253	3620110.75074097	3393262.49946739	7809154.90685989	657381.856932305	173916.914749124
236	M328T488	1.85117345403462	-1.459030614396	0.158516281292679	0.324638897009333	328.328850678607	328.291325944951	328.344948309275	487.9855	472.452	493.117	20	7	9	4	http://metlin.scripps.edu/metabo_list.php?mass_min=327.18&mass_max=327.48	23663368.6938634	33284259.9027422	11245282.8139891	13821128.3817463	26236772.5476644	32096576.6822491	63423769.1922399	8208603.10444192	119403272.641783	77787588.3114548	19692464.3021606	12018997.09952	26282427.5373496	12144459.7331582	20881756.9977111	44986376.7392379	13261725.4964026	22445385.636342	15902879.7575413	11144570.0186667	70276687.8645919	62973970.5812246	103054189.870503	155028784.9722	56973582.9362847	17229423.2693101	8923368.43064371	6860213.39858203	7503263.31527212	6947594.77991361	4964097.21206277	6345034.44932399	5334610.81224596	31785201.1715037	47815154.5995171	11640649.6489966	105196475.494584	21673811.1386506	26691098.805601	44355814.5256509	3257902.19466993	5979170.09106541
237	M658T1442	1.05324016746424	1.4172059902591	0.170142612272615	0.269471629874219	657.733848590935	657.671582093263	657.747084677558	1442.035	1438.61	1444.85	20	7	5	8	http://metlin.scripps.edu/metabo_list.php?mass_min=656.58&mass_max=656.88	37547288.53099	38852348.5220099	37424055.4272895	36662478.0080011	38928166.1288646	36439408.3233786	42111103.627353	44273918.0512274	40016425.8834501	36840636.4966618	35572926.0851671	36627496.21306	38050386.9653159	39823459.4693563	34699799.5100494	39169688.5721375	37628543.6356375	34411985.7708384	40850561.7645482	35831241.3024062	36907100.7777353	44584911.6013715	35619295.21109	37061494.2336724	40845080.0399196	36472252.2777273	36741506.705377	41273839.5130103	36640965.248317	39976399.6687872	41350174.6982141	40141626.6607672	40425979.4353031	39286438.0223049	37896933.526609	51838227.8676776	31008800.0966301	40278482.7642147	36850522.3710244	40664879.053771	42800210.0158555	41266610.8940595
238	M532T142	1.22429377415736	-1.40516731316429	0.173340905368661	0.211177661813545	531.540551592796	531.486946869155	531.611281116741	141.686	137.043	155.607	37	13	11	13	http://metlin.scripps.edu/metabo_list.php?mass_min=530.39&mass_max=530.69	66805061.5665682	61768701.0947712	58068815.3499942	70889687.2030942	59661608.8629575	63683378.4937437	70304123.5376202	35443469.8863439	25673914.673895	25268503.8964352	23240521.3127817	27417177.5157788	30759828.6943263	53422543.1915717	69802503.9011005	66072981.8418075	58829574.973125	55796672.7641261	52551108.9789436	62585859.6694102	59489004.0388842	31944641.2766301	23227681.4926217	35621025.9423449	32421964.9000071	13552490.7987001	22891729.7734826	51340572.1646826	45058680.5885866	40417322.3154602	39596269.4446429	49389879.7971505	37561103.3231276	38830798.4399057	65487174.1677002	34580001.5174163	28197099.9028597	28868682.2642296	31973760.5483731	27607657.4099697	10491094.414084	41528033.9700947
239	M319T509	2.09736333091989	1.395897773827	0.17657042461059	0.0449619360970547	319.262820806176	319.237373569166	319.292691942904	508.9615	507.971	512.342	22	7	6	9	http://metlin.scripps.edu/metabo_list.php?mass_min=318.11&mass_max=318.41	28295445.8549904	3918047.09845891	3846219.01507157	14973099.351389	6467172.80490727	19083481.4571268	8918108.974458	3515228.36310547	8936417.64755862	14213757.4045116	1484492.079471	11999882.1140808	13827724.5850663	3286982.26229212	30372194.826986	3091545.81509689	5243040.35211424	140095924.90606	7172801.99855143	35946848.2666702	23242560.3502109	7337175.78718306	7836977.98000057	31389970.2928577	2518901.71072935	12857833.0244035	3705157.11288264	4570829.17517063	11221678.3639583	5267400.30894624	1937519.80429102	75581642.4101066	4490618.20152241	122928709.615931	72192086.7318852	29946730.972832	169745299.981672	29096001.614573	11123216.9809211	121418336.566928	2074927.43402384	4445973.03089594
240	M156T547	1.36103862369569	-1.38143176166524	0.179870338880545	0.416481198617922	156.015837963142	155.972744963162	156.025074112283	546.6845	539.992	554.913	40	13	14	13	http://metlin.scripps.edu/metabo_list.php?mass_min=154.87&mass_max=155.17	3762764.99581789	15038385.77148	13954358.3251271	9837550.06585035	5621720.15813713	8820495.53676796	8201261.02981446	2788564.01551047	11575148.0456358	23076463.3890174	6969867.07792766	7609918.87219406	29194507.2378513	5627319.29610403	4660208.19534228	16248141.1818265	18510520.8353792	6376466.17247193	5941670.63194272	8566901.74167656	8494583.23057398	8977148.48362746	25348583.9587155	22380707.4001406	7036933.6175239	8506849.64680186	11200704.2866467	6966634.56753489	3409563.83635682	6495971.47897523	4300535.10135841	3596665.54216674	2875755.49729107	10428421.0541245	9529662.81276117	8083356.83550707	11885721.2576779	19847401.97866	11311579.2582857	14261832.3488109	4651219.21546366	6303603.7902444
241	M135T150	2.13361758329478	-1.3907516967141	0.180302096020091	0.305689555465832	135.052945390282	135.036405172728	135.077358181268	150.23	148.233	159.407	17	5	8	4	http://metlin.scripps.edu/metabo_list.php?mass_min=133.9&mass_max=134.2	10830150.510243	10776287.5868929	2731776.40849296	11780280.7472218	4278051.66038506	7132867.93721375	32390309.3949694	2951239.9054201	13702331.898734	3607616.43665756	4280030.04102048	4174089.47864936	4111714.18332121	3058123.40439843	11641399.4930865	12124249.0734476	3806660.60408451	7779623.22727946	2521021.8527682	12322096.1226901	64458044.9627188	15167979.2060841	12740786.6820498	9311561.06475779	7793751.84030496	4170724.48187248	2669399.41415292	4356465.01611458	2228825.8961428	2140228.01661854	1547565.88794613	2065685.01456419	963213.908368006	6814773.53409568	30070154.0297835	2302392.20607313	13406086.4369812	3189714.05129726	4900758.7745055	7338846.6143106	1157612.32997936	1955861.96306973
242	M149T74	1.44798395821158	-1.36158870932823	0.185223072326394	0.240139735568459	149.061078392737	149.050425982194	149.102659235253	74.1515	57.942	88.238	14	5	7	2	http://metlin.scripps.edu/metabo_list.php?mass_min=147.91&mass_max=148.21	7217247.5896299	4030816.87630783	3465473.8554737	5420508.83236462	4006948.11763133	2973008.50160881	7010552.69059131	6258552.14338133	11224393.5542168	7562842.27612691	4888191.57992571	4818338.30421621	11116977.105628	3892042.17320969	7033844.10766437	4930464.77087916	4169980.35297287	5642742.75481258	2958156.81306336	4466598.0491359	10110190.2449313	13627505.2678616	20108130.4914205	12365627.5435449	9855534.27549394	5774585.81987421	8524175.08313713	6599115.48288643	2315440.49769742	2777163.30247668	1852060.32245047	2212743.22196679	2195124.35466885	3992340.33902409	11498893.0758577	6872221.16451843	21247187.5810508	4818447.62870581	7396571.38319002	7908153.22021423	2176701.94977322	2963428.50111328
243	M620T141	1.18236067441298	-1.35910555805856	0.18610209996741	0.271215023976685	619.562063716235	619.53739806708	619.638079680234	141.309	134.479	147.492	35	11	13	11	http://metlin.scripps.edu/metabo_list.php?mass_min=618.41&mass_max=618.71	48243236.6245945	39277682.9047072	36928340.7242388	38226676.4394339	39889352.1717381	37011695.6766852	46852689.4728214	28589716.2700208	21105947.3241602	15178430.9815528	21920866.5450213	18989650.7690085	18171894.3523994	39374137.6446906	43518718.6397013	39368989.1339863	36950552.6435566	29720530.531666	31780192.0514291	46365201.2790586	45307464.5185097	17080930.002923	24004728.8482551	22257263.1164809	24761078.0655665	20481590.6181072	19380878.9617702	34822051.9604333	32148238.1557986	21775934.7809841	19896408.585273	26741267.3718367	26350045.7615252	45821385.9179641	38971141.386381	24044223.0631247	20253760.8850762	22823634.3193857	25577119.0858939	25880197.0718805	10383269.1972247	27918172.4428492
244	M590T535	1.25795312101614	-1.32710993457388	0.19606127822608	0.437750666848989	589.503575396097	589.376583600331	589.545343872123	535.102	485.741	542.318	21	6	7	7	http://metlin.scripps.edu/metabo_list.php?mass_min=588.35&mass_max=588.65	27674523.0407088	29403753.379752	43185192.5778947	23239436.5346099	13247920.1111641	20582315.1968087	25022342.8500446	7864503.10480763	23181530.9511211	9790557.41519977	11463542.8440348	8982543.77356869	14137556.635193	23544357.8761259	28140254.0076704	31003651.7377378	41201967.7017719	26695692.8876671	16160694.3458498	24826471.4485124	33987895.6031854	16594897.7986651	27186752.5615348	9587967.0644206	15143093.7272898	10748601.9887186	11500475.2288125	24126469.8966545	13727856.8784217	19796169.9113792	11562504.5449036	27504213.1991688	16445203.0919685	33067005.9244369	26280535.1656169	9399875.73208448	20628293.7924719	8322210.69883445	14207174.5340941	10584534.0949742	7286148.226698	33109336.0506416
245	M687T152	2.9780948984508	-1.34370064714454	0.197568581885296	0.300771787033414	687.140833185804	687.100443843184	687.175671528247	151.701	149.642	154.309	21	9	7	5	http://metlin.scripps.edu/metabo_list.php?mass_min=685.99&mass_max=686.29	22250976.1880484	43136964.7118188	175109131.316826	23096329.5483355	75408948.1558562	5376415.61846154	87369.2366326122	98853.27615	29793856.921592	66699396.3555398	35638432.1047265	28042690.7385	274206477.345403	9099707.3616112	18539782.2125	55997611.9535079	189163307.810049	714911.065338474	39135039.7611122	2579512.40236539	129467.392085737	510760.495089632	17466376.6816866	25688330.5554167	45806653.2479475	15433805.5644536	321542794.66725	2141439.87392308	1864936.16067628	3298071.4743125	30199322.3410577	82575.8770787259	1471570.11064744	204966.960727273	0	207360.876978245	28066090.8499437	13325282.89925	34032927.1239962	12598795.7963073	121399737.317664	0
246	M170T145	1.92037271034686	-1.32467538981991	0.199390690886089	0.267004109213545	170.042504886637	169.996774217939	170.062919445563	144.552	95.296	150.462	17	7	7	3	http://metlin.scripps.edu/metabo_list.php?mass_min=168.89&mass_max=169.19	21813822.4717248	13211432.6020968	11496684.9910127	10148831.6915454	765236.936469549	15285067.9324942	32005084.1730645	9865799.39182701	16035722.2998031	3503306.32775605	9973931.05878772	7909019.19698439	6703826.44587666	892478.180743769	26744535.5149388	14512023.4526575	9008840.01055182	7062095.11298777	1070990.6942078	29949883.4346242	34395980.3555189	86950822.4940224	7287916.62297064	9106985.00178315	16918325.3510868	12740803.813742	8672668.36188792	1060495.56748796	3582151.31064442	3746410.44629364	2513539.34879764	1273510.1261696	284014.988825277	39341623.5983191	38171659.4122594	10296309.2668416	5268944.4832526	3982585.78737987	10530787.8491146	17440858.45829	1528278.35846118	284555.920081961
247	M118T553	1.27407079166121	-1.31998006273942	0.199652009951111	0.263139449533785	118.127821055661	118.106711007638	118.144331607918	552.9045	542.989	556.636	38	14	13	11	http://metlin.scripps.edu/metabo_list.php?mass_min=116.98&mass_max=117.28	5123390.99929538	12533125.1140658	8668880.97198045	12808979.3668993	6614858.86280452	8540153.1870996	10293786.1896545	7862367.12271452	7252066.9897486	19191302.6268889	9276336.61914074	9405737.00980717	23326454.070345	4038219.11139445	6458808.28534982	12339504.3197193	11966958.7840222	6426412.2306829	4714525.27901919	8793133.14618168	11394060.526325	8165881.28898075	16155724.383158	13774209.3434389	9846893.95304372	10229984.5182873	10645994.2271398	4600348.08600331	3617024.68216797	6070447.66144326	3076089.98196693	3165844.39749075	1891008.21421362	8382315.86670812	11030716.2015165	7911056.91593694	7274301.22309648	15954644.8710208	11920703.4373937	17041887.4981253	5734566.5688117	3291173.36252053
248	M588T537	1.31103990867515	-1.31037104035359	0.207155408953875	0.372272666700958	587.556707293301	587.520334084236	587.591331934233	536.965	485.992	541.196	33	12	7	14	http://metlin.scripps.edu/metabo_list.php?mass_min=586.41&mass_max=586.71	50359753.2452969	50911252.4030623	65208499.0766624	53648720.5017436	37240299.506964	47730107.2149235	45517586.932963	19810733.7951602	44796540.5055539	30700493.3693661	29511850.4427093	23708256.6619231	41061743.6782005	90233622.0935196	23044059.6096111	58896490.4284175	60336871.0941078	54189349.0419701	56766607.4018576	59345244.1288035	55896022.350705	39136025.9936249	34244151.8602371	38412696.0119048	28425240.8930137	23844489.8550948	31393262.0148164	150958373.553708	33157306.2655167	30532658.6423925	30904501.4691236	47787132.4360397	54548922.1783383	60415063.0729665	48339549.2503929	37855366.3599639	39555078.8508011	28524070.6666263	27675398.8917318	25515424.7039307	19933599.1089056	60539774.5426128
249	M311T440	1.55545396014734	-1.27833337818188	0.212426865771138	0.370275431344242	311.267255482954	311.176527605833	311.323759878422	440.478	379.846	443.321	37	11	13	10	http://metlin.scripps.edu/metabo_list.php?mass_min=310.12&mass_max=310.42	157698817.755733	18992673.6750184	10485066.3600009	57557102.1342602	45037356.9935668	19702921.7716667	11637736.772773	11276436.4240912	84507248.9267532	59924427.9202523	18202388.4642399	22085923.2028169	32556144.5987982	12780639.4204876	149376302.239787	24258654.6571232	21859745.0088125	101464013.247953	32384114.8089751	62369201.5796835	36698503.2982985	72851064.9849334	104754035.990893	114858346.793059	28984852.9062206	27254754.9912091	5856312.23289454	39076462.656394	22751300.2717264	12374435.0826659	4727067.28350013	18513148.5262274	21836190.9838802	31449275.7912609	27977114.0187616	40018673.488207	178389997.354714	50307452.7075424	47909842.9236042	53377410.8218855	4621075.97443706	14239909.1021703
250	M459T534	1.32259404389451	-1.29002421505995	0.214675056588182	0.450314460338559	459.455179663211	459.303372878148	459.512324731873	533.593	472.734	538.959	44	13	14	14	http://metlin.scripps.edu/metabo_list.php?mass_min=458.31&mass_max=458.61	82626775.3773464	68442893.6334052	109493393.576403	203061157.284127	51722653.7274894	62959297.3455973	53507133.8654203	30431754.1783261	53456926.9364334	49019207.4277041	37833368.1410067	42924767.02655	56604548.8665875	135687725.786226	61563023.709639	74771813.1945325	175691472.501483	144378958.515247	81729831.6815171	90866259.3038377	65932097.008739	13257090.7820437	31891337.8233744	33529844.316554	45693264.9203353	43419779.4605044	55237165.8371368	172431149.215359	52932943.9644103	62906581.3495626	53084246.3253037	71156079.1315748	84947664.3218046	75347861.4615369	54098232.6707643	67676082.0444372	24765447.3157595	58526703.7183509	43726182.0393562	38837009.8583507	39179057.9654714	97251110.232635
251	M181T92	1.56646590225602	-1.26726460437996	0.216676448419704	0.427511488814596	181.050482610558	181.033268374319	181.106623845504	92.08	89.162	93.992	38	12	12	14	http://metlin.scripps.edu/metabo_list.php?mass_min=179.9&mass_max=180.2	111491468.044687	31063300.9628254	52097990.6102635	17275819.1183592	11822930.9056012	8638039.11115764	31148836.0165033	5176304.77994787	51908227.0795166	12662795.9082343	57061576.2381625	23686619.9411106	39877723.937403	9490916.12612099	101485056.822615	26191953.4967725	65543088.4230867	45565048.9080907	9435915.04222638	5837735.06362953	16939751.5576776	7966543.71498776	44238203.047831	11812456.6814803	76791134.6879092	42058622.7309621	30435406.1761148	12335684.9766184	23860388.1176719	8415724.58651108	14963128.6971027	12624166.2749139	3662432.74418727	9481104.69233696	15909604.0751675	7954136.17356036	51917843.7908243	7684586.85201134	77241972.19048	66760378.7361062	11197430.606863	5369816.64758164
252	M207T109	1.35792615449419	-1.2601666264117	0.219281608157269	0.375465065256749	207.071192009851	206.9769400298	207.13543552973	109.399	76.649	113.086	33	12	13	8	http://metlin.scripps.edu/metabo_list.php?mass_min=205.92&mass_max=206.22	15860008.0978942	6631485.75312571	7699938.86294628	11563437.4238726	4000192.15880674	6255055.66761792	13466185.7227132	7193929.1414549	12698295.408298	10403981.332103	9678593.91844263	5862157.6908741	10798682.9757549	4535312.49977767	11913260.1363246	7359187.31975216	9941752.12079729	6244567.90168058	3714523.47101939	11921766.8838242	6446573.69696531	13824809.2284192	23753296.8330364	16982315.8931939	12102784.3579781	7692365.41042402	8612136.08793253	6973700.5470091	2586512.70143061	2452490.76416733	2693202.83767559	2003096.57543934	1780393.55000196	10641212.7487852	20855459.0978415	7668019.10251267	18355471.7670802	11612737.9212364	11230129.8688072	11402174.9166709	2501628.50249615	2826497.75850127
253	M134T53	1.47090647155211	-1.25562249484534	0.222685463009217	0.402111590711874	134.061858491706	134.044588016741	134.095645823592	52.7815	51.3469	54.348	38	13	13	12	http://metlin.scripps.edu/metabo_list.php?mass_min=132.91&mass_max=133.21	13668964.1560193	6233885.30011453	9169015.64960069	16061014.3654534	9831379.25924868	8982425.55421562	8541513.39227825	12941273.679887	22224756.7488425	27870892.3190253	8950754.90538854	9331948.30194378	8390492.91983996	809973.764868609	12180605.5970645	8052775.06521717	8182914.07807064	14013781.9212777	9115811.47346829	11975104.146156	14459645.5372485	19453261.347142	14564036.3435709	47641406.3618456	14026908.416346	10601032.4373685	3139001.76272336	996262.57766468	6734276.66776899	4043792.64346167	1712793.18222025	6347322.36241404	3385296.90021815	10308350.3655687	14228454.9012815	11759935.4471995	18800418.3610957	21599881.5191033	14777847.6671571	12375421.6673658	1581906.27413742	430316.147914742
254	M177T233	2.99696199907191	-1.26021469326455	0.225383828207656	0.409134077172908	177.040975538956	176.976760537333	177.054668423181	233.382	177.094	289.703	27	8	9	3	http://metlin.scripps.edu/metabo_list.php?mass_min=175.89&mass_max=176.19	77280103.9314691	5699059.26259945	8903287.69041299	4903491.83039507	3534125.39201046	3448244.98336613	11066842.2389712	1060377.47090389	11224120.0401436	3112217.27307586	81360057.1209057	2847323.15453548	17611442.7651841	15168537.9495955	58472201.2335933	6480702.15905444	10265469.5331336	6263096.17512698	3979329.42962463	5769717.74586504	4784066.52127913	3542759.40690987	8417365.83589105	4120553.98235322	159253190.700924	21481907.1038655	8682513.30445658	12992859.376263	2287037.83520005	1441432.01444887	1703965.26100711	1444961.03052478	1613993.62415674	2471362.6322575	3337896.80489607	1714839.42211093	9298273.9906821	1929457.61937901	57025492.6202681	17353781.8347838	1041521.47903236	2277498.8073303
255	M310T441	1.52870041350337	-1.22245641667716	0.232576528178739	0.397444899333237	310.292538320924	310.176943897742	310.324763630193	440.823	376.282	461.579	46	14	14	14	http://metlin.scripps.edu/metabo_list.php?mass_min=309.14&mass_max=309.44	805527201.502528	92635274.4582079	48931349.2168856	300397623.474496	217530559.714491	97592352.4280346	105782015.801737	66441458.7968435	440386022.720866	295867971.241633	113157030.397375	113675989.606397	196388196.337777	58977930.2278609	766980468.874954	122317698.896398	97292970.2628194	499922967.001704	171738689.021213	302092389.946396	212055273.2	362464979.764938	531370489.328805	602077096.521283	169972796.86772	138509060.924872	64963845.7169119	197196198.820976	113422054.058911	65701129.7483598	9889283.40641612	93328367.658901	92226575.2214166	173072075.682387	156556371.352233	207803422	954088790.242841	263964612.948745	268821468.335688	287737641.445925	15237515.9118501	71064787.9761584
256	M338T60	1.82353301558646	1.24026765419741	0.233412885677893	0.483759901426525	338.467887189888	338.443617334936	338.530667407247	59.757	59.16	61.933	31	10	9	12	http://metlin.scripps.edu/metabo_list.php?mass_min=337.32&mass_max=337.62	4021001.27878481	7678144.75807528	6927014.47521978	9031558.56435605	28687470.1170698	9885340.40124288	8770404.6057116	7063809.62942656	6307799.50543655	5595240.95376219	103491568.22774	43164622.8196786	27221867.2013017	17617595.4963553	13903412.9324125	5957412.02452383	5167726.24789824	15066590.3213915	13601562.4132803	20722651.1661954	15298025.7393212	4818635.04744591	3136352.21985618	19769827.1632987	38512469.1373731	10461329.7392892	29710971.9954122	3311794.94846677	3429492.54886709	26772486.5127628	12440831.3662888	8507497.36349941	52048428.7315576	15587028.4979537	7580183.18282076	24098200.2621363	12747323.9448437	133676920.158173	9341116.91186164	38265515.8409666	6582469.18676173	12605670.9380253
257	M560T535	1.25701651230947	-1.21671520058199	0.236969364670476	0.408700931220511	559.532507703975	559.470297869273	559.547985605599	535.027	476.368	540.998	21	6	9	6	http://metlin.scripps.edu/metabo_list.php?mass_min=558.38&mass_max=558.68	34216747.0251313	29852784.7978935	36408953.3723219	46236261.6725876	23056408.1121373	29101970.38691	25916929.151297	11741606.5199148	14848672.348844	14051877.6924022	12132698.7490386	13689398.5007534	23713605.341557	37360183.3674912	32921369.4679063	35972530.8056671	36520966.080467	33639050.4812664	38229777.9056934	37033881.2393555	32431504.8111315	18903949.0595431	16479229.9855197	17146677.105135	14589093.0362333	13743976.323315	16721785.1203304	74713421.0158266	22201747.3181995	23573408.4630763	20218533.0690595	32096428.9319716	38596613.3663963	33228210.6547149	28896588.3156659	18511162.6427872	15302065.2603292	17631267.9462253	17546700.3894166	12503712.6985998	10793477.8609335	42266596.8346917
258	M329T420	1.68190847156483	1.20985325607346	0.240677953688264	0.0671432536118284	329.335665152279	329.26632074118	329.358541634164	419.6695	413.553	422.598	24	5	9	10	http://metlin.scripps.edu/metabo_list.php?mass_min=328.19&mass_max=328.49	66392609.7788245	3091965.55865271	3637183.66218604	11554142.3802768	3827481.84844629	6131864.91733079	5483827.55008482	6043550.13674529	6612898.60731661	14439995.3475463	2170850.84128547	12773882.4869947	11932046.1807077	4594442.74152172	81592952.1346998	4245893.58923636	7243905.61932143	39397636.7557601	7256235.06257036	34237003.7169654	41187071.8873565	15756527.3320647	10425459.0360922	29620762.60532	4969833.9072083	17012443.3803232	3768000.14994812	12359444.2327184	18373965.9220079	6230267.46359636	2557381.88149648	10813992.1157513	6403353.41351027	45234959.7121792	52951032.9906052	51752374.9595185	143410199.495966	28071757.0532103	25559401.0277963	104099595.07344	2790462.44827709	21584038.4060187
259	M231T739	1.77388698517522	-1.19260703429703	0.244344039179815	0.383743951869272	231.169342715289	231.160651316077	231.214902086579	738.805	735.988	746.032	23	8	11	4	http://metlin.scripps.edu/metabo_list.php?mass_min=230.02&mass_max=230.32	9743303.16459438	4877771.95109559	5861880.98877403	22315942.7347035	8199299.75176789	4479197.86446206	20430705.1819049	2520581.57185242	49247835.2688657	3451319.46340904	5942042.31354988	11408932.9726187	3988497.27376354	10402207.6717823	8268850.10110239	5694893.53785471	9332142.89618529	19170820.5171674	4524734.8604803	7375788.69549919	42325395.3918237	13814714.2616602	76612409.4324216	13320035.2808086	15853564.2327491	14524933.0818323	1955132.22428565	22789698.3209018	1746956.31409623	1750814.46253813	2444274.6391229	3219234.9962694	2662567.08296913	5763292.87074864	25741401.5726476	3714175.67606636	54860676.0458974	2197059.26494495	7503721.55758167	28211364.4576631	813653.13637054	3440365.3247513
260	M209T73	1.52430923301694	-1.19032495038495	0.245566622042988	0.28694630413465	209.074894321124	209.059022672643	209.130544725591	73.016	54.737	125.968	19	7	8	2	http://metlin.scripps.edu/metabo_list.php?mass_min=207.92&mass_max=208.22	15210302.5362234	5822212.078947	5244385.11527741	10609811.0511316	9091118.43239697	4599943.66851974	9512478.4432951	16887186.9753941	15712472.2139615	7189748.73386582	5932908.4403189	6122325.97447366	22699186.194305	12134166.2286901	24919303.7447601	6079674.6871369	13557696.6463362	8239596.58848431	3597111.50603455	5462508.48728508	16848683.6219753	40435353.4810845	28720669.474228	17561795.7426387	20937995.4588989	7067834.9231468	15205010.002729	14983337.431521	3279305.97707308	2900907.6158638	2259646.11889155	3215621.99951019	2189256.68901448	6645204.44909635	40502678.2085882	8109701.63741824	44633385.018748	6111781.56005905	9409814.36549469	10150034.9303491	3836839.32979416	3456089.31141415
261	M184T678	1.61269566386264	1.19304575788111	0.246594732881529	0.1684395183093	184.049501869627	184.03709981133	184.099626288564	678.3285	672.511	685.284	12	2	3	7	http://metlin.scripps.edu/metabo_list.php?mass_min=182.9&mass_max=183.2	15382309.3878581	998535.216861779	517497.962156744	7147211.443141	2356072.1618061	2959911.62003174	3516512.81784306	1762036.49336593	2388831.39941468	4939664.51610286	991899.426026855	2677373.81555854	4663469.05031709	266391.561844954	7378713.50816468	1258412.00903943	1154456.44740163	10750090.3178991	3441255.72281271	5950830.27026964	13359790.6635375	2364371.69908557	2122396.88449085	12301361.1103879	1668147.82652182	2740134.89307054	765533.800329651	1337067.38614998	2960989.47240876	1643532.04089695	448663.305329863	2708196.50786605	2640038.17176224	11929738.3953171	23508387.4713792	5738582.6636209	22040350.1437038	7666091.69952257	6958361.96993539	17471201.0201974	413145.483951083	1266258.50651522
262	M385T488	1.54273414835038	1.18076430119364	0.249119846168177	0.508009895640472	385.043710560238	384.997731891628	385.168221715564	488.03	486.324	490.885	23	8	7	8	http://metlin.scripps.edu/metabo_list.php?mass_min=383.89&mass_max=384.19	12978446.2411473	33363689.5718163	39692569.9562003	10777673.8341088	38112070.2340972	34597055.8120249	34225280.0477062	1565627.32366518	957253.797869961	536667.52456789	381912.09811428	182002.981554276	513145.202226207	43172469.202918	11580597.6007312	32981031.4333535	21931613.4552778	21608053.3649433	44374426.6601743	15516300.4251055	35495932.5994711	805713.635009664	1037250.24789614	611792.78860873	476618.240336187	728738.184650083	470473.808123384	13949886.4385114	42694862.0101998	36540095.709402	44075175.7208761	40559899.0926744	39294654.1829934	34101562.6911375	31909343.6047419	479448.708608814	979861.726087523	349321.747616776	717224.12538343	605509.122323719	322776.331458373	38336763.6923892
263	M328T419	1.63578223607543	1.17337265798623	0.254460389624758	0.0765224408716326	328.344123610045	328.260609031023	328.383726571278	419.3725	360.154	423.17	42	13	14	13	http://metlin.scripps.edu/metabo_list.php?mass_min=327.19&mass_max=327.49	328488984.416702	14711418.8958079	12343036.0720136	68036206.0333657	13866567.9255824	29409820.7168533	78912646.9263945	31674708.7701534	40019741.8540212	83335541.2111629	13355323.9494283	72993265.0325886	80555553.1479295	16001192.1891452	413836092.4605	16926096.5031797	28383501.4162063	191741411.187695	27847456.7322366	170881791.255333	207206178.334769	100771276.235395	65532685.8375919	201460980.089934	23170587.9952566	91687552.365776	18159618.0408056	68657108.6006359	93244336.2288196	30803838.6530036	5680710.39247138	56880846.0781475	23055595.3662064	224597647.151407	254998272.174637	274160233.91075	706647114.414596	165424778.578865	165262586.754299	543017468.885382	10259497.6662099	106178115.898802
264	M219T558	1.85402898035059	-1.16594093740385	0.25521445842632	0.529764321668315	219.102003280741	219.068726024105	219.142210261564	558.3185	546.602	564.023	20	7	8	5	http://metlin.scripps.edu/metabo_list.php?mass_min=217.95&mass_max=218.25	17379439.6297579	6091400.5931205	3338508.95472805	34338778.4487575	14012205.5968242	19544013.5658657	78315525.1225513	1996689.66847547	1016365.80658466	1453096.18608529	8129468.52837534	2741311.14594434	1464586.78316615	13701845.1901397	19940048.6369787	7420710.60858365	4836084.98354603	25389967.152136	7150304.87897726	31765548.7078847	70796739.750937	2196143.90090217	1162394.20787101	1300768.5973515	23469704.2222015	2609029.08987543	1110912.1378074	26469569.9889493	5225913.4740804	1908480.55522599	1407421.63020295	3442841.56099436	2399672.2604106	17420769.9525	54311152.3998174	2546946.50250718	3320120.80051398	1807591.88702423	14566994.5053796	6517860.10303309	1335917.31752986	5478932.06011954
265	M490T331	1.30476310411548	1.15078282846613	0.260330270459685	0.414364387247839	490.439416186867	490.370527831492	490.452911165477	331.182	311.595	336.088	19	4	7	8	http://metlin.scripps.edu/metabo_list.php?mass_min=489.29&mass_max=489.59	12677676.7870711	25424374.4641052	47107893.1781474	22829438.8940387	13774059.7594895	30058900.8381735	20871922.7506135	14260491.0112202	4430406.38501883	12595308.5735304	10895301.6582195	7801839.56937394	10715967.8092557	25056695.7583367	15001951.102101	22607302.482131	31188805.9789461	18060206.1322998	47851048.9342746	23351778.4174515	12410311.9355815	5962410.44311737	5139623.42987322	9346395.40868361	7076946.67667447	9800071.56677506	12968439.5398327	32911045.9081201	40431349.6535586	32458044.7918507	30717398.4627965	41186577.8631107	36449787.965844	29921346.4606304	24213757.2782802	13692496.6296818	6430886.1230625	11115354.3840241	9751941.03191667	9942711.9309659	8935967.83986262	35739905.7363536
266	M146T636	1.79287200222111	1.14207029009744	0.266731874918109	0.153603454242823	146.08349995829	145.97167422352	146.123812423268	635.5785	581.859	643.699	22	4	5	10	http://metlin.scripps.edu/metabo_list.php?mass_min=144.93&mass_max=145.23	3549270.05616225	622367.246129058	575499.965938477	1267168.89984257	3792440.47073826	1553959.33831319	10531240.740055	1076427.0281979	2003968.35347315	4799533.38787142	915728.297966277	1709776.84655014	5580533.57974237	943465.788369534	5090773.9833382	949254.460249258	748393.863195243	3560833.9820205	1782240.9381898	2278848.15631256	19836554.9913426	5942584.0661574	1647688.78055271	10807451.7826532	1658696.4259375	1934815.27735538	894274.578323649	1506776.37062075	2076701.27981553	2345684.29464722	3551813.99289573	1455555.80007626	1761631.69851524	6529569.76158524	35596285.1545314	4990276.18396376	15483911.0760439	8804051.12574248	3150877.14416443	16497657.5499235	476360.184339257	2412182.53563407
267	M456T614	1.12832190184007	-1.12749345804851	0.269876094584437	0.327428808229873	455.525683927596	455.508176158966	455.538061934725	613.858	608.079	631.073	19	8	7	4	http://metlin.scripps.edu/metabo_list.php?mass_min=454.38&mass_max=454.68	127070892.550219	118627591.73271	159107185.376604	130441222.34707	126782575.946169	138710246.5166	119947139.71013	107342642.641652	49623861.0501011	87610053.8721265	81080321.8695069	85162626.9166055	100571083.712374	161501576.381521	124476712.65649	126837055.56225	144686264.038829	136474946.981989	152191418.94315	135221967.148974	89480709.0296847	99619769.9083876	67538098.3303627	69038769.3091883	81174473.9355803	78711189.7551875	92192466.8583373	141189187.155231	123440378.876171	113987761.906175	117478403.956539	124424666.356742	125138383.829268	124520592.49203	68806100.9694323	94241714.2314494	59987434.0082403	72415480.6032156	84023081.9263576	57837961.5881933	65157860.0157316	132364657.967766
268	M238T874	1.9401950817752	1.12949387948982	0.270892492965363	0.105393691941232	238.163836693161	238.154998826041	238.183078462874	873.721	867.758	877.205	16	3	6	7	http://metlin.scripps.edu/metabo_list.php?mass_min=237.01&mass_max=237.31	8377213.06606799	959490.751819367	1825710.83053243	6103018.95242251	2724767.12886037	1304727.6104906	15559527.2363445	918501.045395411	5287906.40529081	2919639.86563732	1905009.95583738	1034501.60883379	3246513.76664909	425497.326228069	7065105.95763599	994451.265189638	2888199.17379536	1490765.7982159	1246543.6285753	1859572.40242155	4455225.75506349	54631169.3641166	9606170.62710567	9084611.80315208	4409122.91459798	1222863.92165851	9239691.73046223	7518587.64187014	1906297.91309252	1818433.49430338	2228585.51446053	2144315.32505959	1433978.58492483	15160309.2016409	37057068.6646079	8322569.98553646	76647861.1008777	11568953.764715	22670087.5091445	39219240.9710692	1258799.35896533	3067510.97865681
269	M457T535	1.27627014230944	-1.13046608326003	0.273228979896894	0.120471132011971	457.47908440514	457.457950051995	457.511026262058	535.4005	484.476	540.754	24	5	7	12	http://metlin.scripps.edu/metabo_list.php?mass_min=456.33&mass_max=456.63	20569872.9971033	24914678.3346951	35564810.6424844	22108506.393609	22210094.8373477	26225162.2190104	20290871.3343836	14717455.4524119	16123360.5603906	16080542.1146705	17918603.542535	16539690.5542465	21950856.3188693	36460112.5737444	67926361.3891552	33222948.1501805	30719595.4915996	26415751.8641842	35292713.5368861	75339505.4420036	18218518.5439925	19023575.8366139	16499320.7769003	16658366.6484025	17461787.8231083	19143918.3137489	20820881.3902879	74755963.1275754	24971568.0194668	29306052.8340983	25531847.3924838	31426504.7238595	48960957.4048758	29780209.13772	24020287.0512419	23137696.5371427	16978317.6761517	21849470.1361648	20166932.5570741	11451052.926625	19865527.1950698	41988849.3208988
270	M488T142	1.173303131952	-1.11772954452952	0.274744210917696	0.311512805039806	487.525234065784	487.462839678171	487.540675846165	141.673	136.165	148.98	39	14	12	13	http://metlin.scripps.edu/metabo_list.php?mass_min=486.38&mass_max=486.68	75867088.5472076	80724324.5909258	78649997.0903201	93156125.6748032	79994915.0871981	82434400.6302983	87178065.249625	48162408.0013361	40651481.7342286	38404735.3762917	34254138.1441034	33352950.3324142	41828676.1348876	75652075.9270526	88316058.4965702	82192392.68969	80367278.124375	89253192.4535491	71472997.0838083	81665522.9935387	74691230.5610424	38590682.8358656	27373091.1891298	37076483.637777	37831614.2985034	35825220.8704009	30669088.8697901	69015037.0068343	61894319.7163151	54923966.5130796	57003167.6513254	64325330.4594191	49447123.8359924	82241680.636489	78643527.4757462	40149064.6062978	40195503.8742431	36911819.6138359	34781182.359151	43405761.2242158	16327005.6542895	59376931.1708521
271	M711T1452	1.06819253450816	1.1163335834943	0.275284194847727	0.549761062537025	710.749388693557	710.736253759752	710.806804159724	1451.63	1449.76	1457.61	19	6	6	7	http://metlin.scripps.edu/metabo_list.php?mass_min=709.6&mass_max=709.9	31699628.8640626	33541992.7244531	29802442.4878126	28141731.508275	30626650.6317078	31924521.4360333	30005440.8159051	48812295.6361862	37095903.1757719	39503988.3345145	42007256.3578182	38876645.7571466	36785843.9044829	33504324.0578714	28947422.9748869	38691287.4335712	32092281.2110427	31177107.7849628	30849706.7485859	32344863.3596938	27233360.0798051	35129399.4515037	41616010.3786135	39552465.8617515	34458838.8768373	40576193.3857254	35650211.0852226	28551967.3665001	25630217.9042697	32813974.7159345	34898490.1948772	34718274.0014261	37650829.8276022	30318949.4201716	27482245.9457612	45931793.6242477	38862208.7937502	46414901.4653507	39707346.9181401	37063907.7487275	42876840.0211943	35020185.4509374
272	M231T435	1.35495600842637	-1.11306650148497	0.27747758175571	0.0498377351791216	231.136049562793	231.075656996752	231.155151001833	435.1955	432.846	436.94	14	1	9	4	http://metlin.scripps.edu/metabo_list.php?mass_min=229.99&mass_max=230.29	6845679.92366016	3426131.45916344	2452726.62764981	4892209.67109375	3840359.96368434	2394885.57556531	2932988.29879019	1488054.88322918	6956811.84825678	1933179.02314956	2293265.7355873	1874945.57822007	2552152.50403593	2230656.46308774	9881528.61018381	5118674.21614897	4880339.86837348	4825614.84242014	5298570.945925	6456964.6806527	15110833.1936379	7410529.29682099	8107838.22470239	7168746.46167466	6012670.52424598	3016879.02027663	1932259.15216268	8973666.48452695	2615644.15599744	2537908.52564987	2310617.79521198	2202250.72371487	2690056.57087566	8828771.60781801	18586944.419122	2161857.74724993	12003816.6878123	3174172.57335435	3215437.02197008	5921060.94145313	919122.004488708	2351286.6567556
273	M636T535	1.09926053547732	-1.0947165836739	0.285633539033079	0.278823293796061	635.537882806691	635.531101493073	635.549023060845	535.194	484.807	540.055	33	11	9	13	http://metlin.scripps.edu/metabo_list.php?mass_min=634.39&mass_max=634.69	41901770.5995616	47649208.0561205	68617386.3325155	47831360.9563993	36225205.0571698	50515148.5857582	39065103.7053914	27380946.2589744	47722646.8276977	48160615.0506497	38626191.8388395	39662166.1522747	59724178.9584639	78787065.9781546	45908126.0117302	55997069.8224535	52527983.3143399	49504057.9920067	55456250.8613852	42961217.033894	43410549.118297	48929936.3881724	36370283.9883475	43685657.4281222	39914639.9388001	30231028.7769777	39059274.7756886	49448389.5432534	29835783.137531	34278081.7908549	29625209.2552334	40472892.1951439	46907231.4785145	60728153.3843543	31931840.4605707	55966943.0809534	60274201.2669798	37500288.6945277	32368932.6133696	40145395.4264694	25346185.6335249	50828453.8952578
274	M304T519	1.77388103895294	1.09070919085045	0.289274532131298	0.117343207442549	304.31166981319	304.276786859588	304.34286677677	518.896	516.37	522.779	20	3	7	10	http://metlin.scripps.edu/metabo_list.php?mass_min=303.16&mass_max=303.46	29754182.3667411	4481490.93650889	2106225.45767092	4457767.37846608	13779136.7526845	3166717.83871063	5126611.57599774	3273119.12317824	4004409.25116372	8619034.51679471	3332798.47727554	5950642.79185458	5345757.95375441	1134067.6069053	52217835.4889867	6835086.62201645	3208654.53420426	8550514.34472038	19809925.4634576	6499849.00815089	38091645.4214797	3782340.9288544	5070614.01065457	15555707.5998733	7383667.4055097	7498369.70611265	2751952.84513682	2861508.82768103	13603574.0331469	6983454.52041967	1208603.02459115	4602179.59571777	8913581.5642457	27080373.2276531	119452501.037386	16329188.519067	48322531.1697614	14826716.1477561	18356479.0531969	33130464.9103977	1485496.42885107	5212180.27586124
275	M342T413	1.37093596612145	-1.03295176301248	0.311139685836694	0.647576526013333	342.273926594271	342.178289011261	342.354914536962	412.895	408.54	434.127	21	4	10	7	http://metlin.scripps.edu/metabo_list.php?mass_min=341.12&mass_max=341.42	17564148.0615802	7167067.27362604	7326157.31553911	35449970.6619803	4833342.27392065	10486867.2935458	54237526.7322163	3960507.80079133	8606270.78441007	6057261.3709607	4742740.97251508	7475099.31331099	20709075.435819	7530519.63528758	14931061.9824797	12247297.9649372	12677273.3297626	43590440.899877	4297041.23627669	15376462.9887608	35568973.3443477	22494405.0785921	20840010.429403	8198427.22177988	9079113.50408936	9078891.51067045	7154889.59144442	11103406.2232713	4872679.76061202	3022190.77326896	3425167.11103414	9599002.0811861	3773536.7408711	19505026.4814844	27041876.1106901	7269090.51772956	41168204.1649849	6127925.86658358	12389653.3816306	18829844.5566249	3028682.29160877	5263153.0810683
276	M195T80	1.13491478361157	-1.03315848052164	0.312524616617597	0.444469475197254	195.07265251984	195.052328768154	195.121227942662	79.5715	69.008	87.076	20	7	7	6	http://metlin.scripps.edu/metabo_list.php?mass_min=193.92&mass_max=194.22	16815747.1452011	10335039.8522479	9465129.4897671	14416987.340906	9344944.57884638	8901204.60108749	23395729.4815629	6227199.09427671	23089521.7079729	10098926.1875262	15614861.8097442	12800915.5705378	9419266.96753511	8881412.21838473	13267507.2141203	10232309.3547139	12668328.9811721	10315139.5412276	9173434.88738971	9841603.47873597	12457493.1591667	18990448.9155287	14030741.8669795	13726949.6941147	14162713.695769	11511086.6541951	6986215.78741322	13216897.8235305	9200138.75330478	8519864.43928639	7227084.16639884	8555466.37852304	8712673.95700072	11656738.6621355	15136692.7721221	10048841.8536737	18063370.5365353	7646845.22040752	17223979.2259751	16946533.6906114	3992382.9930591	7372188.51038744
277	M646T140	1.19382135468635	-1.02697594315322	0.315005950684262	0.448251816652961	645.630874310092	645.571917389582	645.641418065214	140.077	135.511	144.044	19	6	5	8	http://metlin.scripps.edu/metabo_list.php?mass_min=644.48&mass_max=644.78	33921167.0964375	43722922.2662604	40790767.3397031	36306049.0623822	44094063.9356286	44241054.40414	32114344.5511959	19780409.6134754	11390786.7085248	15525640.0724205	15964874.0547243	15867183.9863874	15514814.7801247	42088306.7717696	44472941.7641585	41159831.4917504	41513013.5868825	45189848.5406192	37888708.517305	38439876.0859168	27332577.2868155	13652925.2103699	10938496.6510508	12389160.8482588	15512862.2744057	15352254.4339712	15225901.6111625	39570476.476923	33260005.0710294	27893060.2244684	25800136.4908221	33442844.7733903	23713134.8770166	42994940.5933898	32392482.9189375	17192409.7625866	11581151.9809026	18379972.1649915	17236282.4517614	13060616.6693464	10583295.1040443	26388031.8508359
278	M194T125	1.41344386322542	-1.01416980092789	0.320272182875901	0.50981129045	194.068656813082	194.055624936797	194.10856378111	125.156	115.494	129.187	14	5	7	2	http://metlin.scripps.edu/metabo_list.php?mass_min=192.92&mass_max=193.22	5302439.08182505	2615098.67921743	2139660.96155063	4567657.56519653	1160251.86283982	2042270.62193487	7387072.99167244	1570426.74524469	22966149.2887691	2904102.16547865	5391577.57193336	3086416.17205424	11942072.6766321	1647247.79769724	7316881.05950351	4704493.41160967	2256759.94897647	4247023.74559356	1261087.441603	3192827.19039659	5107932.93798824	4989512.64250104	14394238.4291237	6327927.97754179	5633362.76645606	3254181.06276679	2200159.20598074	2510154.20777811	911656.673010227	1319625.85783335	990167.185769345	1880467.75149028	938630.818899968	2701631.43508133	3625121.43166459	2731968.46337236	16391811.434036	2871259.12632899	5246896.80198494	5626585.09322321	1700973.83112938	745707.647483284
279	M399T148	1.15930706782766	1.00222514034405	0.325609193600799	0.176573373731507	399.456320173658	399.425425840323	399.473860805035	148.035	141.533	156.249	24	9	6	9	http://metlin.scripps.edu/metabo_list.php?mass_min=398.31&mass_max=398.61	34728783.4693581	72234936.7226005	59047511.3556875	66414508.3578812	72472518.5039609	72995601.9314187	41260454.6573784	56282026.4810492	14615458.0386198	39024338.17475	36139085.4080708	35335848.8624917	29273689.2691999	58069922.7475642	42714053.9259806	56175718.9551859	59509166.1681644	37724794.5710861	60899660.325336	56270880.8611093	23237757.8511791	16283892.1068588	14149470.6466357	25344792.6224216	22233463.5629939	27868435.3499703	30825001.1855545	46695261.6633762	58893006.6013643	52955777.3294334	49046470.1784539	63872507.0463944	46734743.9207068	64108702.6546036	40098711.840991	40833987.8122351	18897414.9802504	34497212.0314677	30654647.7918578	27238943.2353363	23853531.1126676	51075591.3748119
280	M267T153	1.47366161231759	0.899279953827285	0.378516837949343	0.289132805518463	267.159293519862	267.149170874585	267.214661423505	152.9595	75.018	155.208	18	5	5	7	http://metlin.scripps.edu/metabo_list.php?mass_min=266.01&mass_max=266.31	11718309.5273596	10244838.7227356	4740776.93099131	9524663.69988735	11672609.7103459	13248329.7993659	33664448.3105206	9372932.21945621	27018092.526728	10279207.7112004	8063917.44648014	4902575.85625651	6826899.44474528	3334401.25741919	10014455.916276	11057654.5766805	5772909.94701074	6976814.42787654	7647987.7804591	9256913.39843104	17165044.7263954	66710027.0934077	16353307.9176672	21000439.1358911	9509483.75720885	5423704.73662418	10744429.4505172	15453678.8854805	6268425.3613465	4829945.29210755	5666787.29299805	5849397.70294135	3713528.86926306	30477488.777384	53638448.0278894	9757898.77128484	84277481.9590101	13481429.0527106	27140572.2849199	58999293.0930647	2463606.69018499	7453610.33837037
281	M558T143	1.12555641400249	-0.880679388380236	0.387448781671687	0.557005975627845	557.585020462006	557.55725373062	557.625583631024	143.168	135.139	149.903	23	6	9	8	http://metlin.scripps.edu/metabo_list.php?mass_min=556.44&mass_max=556.74	37267931.0438628	47307136.8037566	46922171.300069	42501258.6984155	46911402.699559	53329517.1483998	41110994.75025	27015683.6729736	19381437.4800842	23655085.1416312	22483799.9746471	20938869.9941299	21389772.6923108	37700520.2561396	38542074.4509333	61713764.6319029	45471615.6092453	32869731.7048453	39170535.0489062	50440146.8975206	38102685.6451429	18317588.513205	18883510.2757628	24484737.5175007	23798727.3604891	25991535.255804	18693611.8183733	43096078.0006929	39053606.3870625	34531215.8036084	35414704.8627128	39884160.4404533	30375357.7348375	44590808.0827339	38783078.9530804	24985155.3037652	19142063.1353531	20848919.8939741	27717695.395109	19143884.512707	14859180.7414706	36749516.4998589
282	M262T620	1.30076558257861	-0.866101246370854	0.394849665289857	0.531389994487427	262.175927527105	262.148363418398	262.238127388613	619.662	614.292	624.673	37	12	14	11	http://metlin.scripps.edu/metabo_list.php?mass_min=261.03&mass_max=261.33	11982919.1703013	7327108.43513237	3338042.58300805	9299346.93853528	9487658.8420301	9702120.64244469	13064321.4278731	5724289.87901195	26744101.7242041	10844520.2617622	7568372.82332874	7141271.35848331	19661621.1522696	3001278.03491893	10748740.3166275	10990024.321623	3919053.90146406	8364932.91066457	3635946.92860657	12181659.3204346	24477486.4704365	25320472.1983184	26308863.4801775	21858417.938936	20909377.5244655	9438669.01752932	7388678.43512452	5215030.2313341	3579936.63414689	3205628.55246438	1333780.57039939	2310231.36706348	2414358.06896622	14162891.6256563	13094869.8662926	14864714.7680329	39570146.2245684	9322193.98577897	12929267.0075292	23995839.9610778	3121718.28487603	2744484.82416388
283	M260T587	1.3509235849871	-0.849896780801168	0.403211081090571	0.29993586982665	260.165833707317	260.098249884809	260.221578349065	586.7615	583.093	591.784	28	11	10	7	http://metlin.scripps.edu/metabo_list.php?mass_min=259.02&mass_max=259.32	7697470.8803924	7146995.07581184	2420884.61818584	225532146.551244	13327072.7146681	22263664.2985072	14064802.2141956	6078481.56687051	8120799.4001903	23784214.4701938	7722157.50056631	5023835.94747186	6365054.74327489	1345544.45620408	7481078.24348769	7034690.77243505	333030.448145106	9453329.56250266	6021238.71513027	20190845.8865738	14695498.2590529	7752256.782371	5368878.16981516	26769398.6059749	7061216.85793281	8706403.17070309	890646.217303908	833081.449271658	1657820.11511426	2146401.1715627	701690.839111386	1634785.84537734	499266.136466284	21690632.4465446	9428061.64564021	5081167.07624551	15101139.2770663	8303826.80258011	7938250.24326875	14830340.1783773	387833.410663114	1345289.27979053
284	M502T535	1.17989295322278	-0.841292172490907	0.410823524120512	0.66942893457393	501.513360303582	501.465015092287	501.528037605687	534.807	481.836	540.651	22	8	5	9	http://metlin.scripps.edu/metabo_list.php?mass_min=500.36&mass_max=500.66	29777793.7816834	28020149.6147729	47418178.6732249	25138892.2702254	20649028.1590565	25557930.5640928	22176720.699477	13362292.7862951	14118331.2435	16292670.7168186	12057698.6086622	14872153.6786563	13916368.3179252	41294104.6450078	19668171.264442	31770279.2228918	31599714.5239729	27742957.8047019	29792729.5357463	74745248.3582851	27338829.3394445	14621085.814186	12851986.2604554	13836029.5629133	18283021.0787642	12758997.2157201	17924314.9118861	30081611.3355499	21611230.197389	21960881.0323302	19847018.2291755	30398407.2411021	36999427.0289979	29900111.661153	19882014.03288	21660917.4480754	14563594.2348476	16397387.7258037	16846185.427513	13294678.5564061	12265637.5762604	32040230.851265
285	M292T493	1.52287255244612	-0.834934441486012	0.411414719162952	0.549218598376031	292.239341041514	292.21121248311	292.325080733068	492.8685	487.763	496.089	26	9	11	6	http://metlin.scripps.edu/metabo_list.php?mass_min=291.09&mass_max=291.39	7827733.71605704	10133419.2046399	6840000.94859834	4860406.79200827	2048083.87033771	7338052.3983495	15569496.4081854	2121017.80561586	70628080.6372651	9277265.60197026	10072277.6701858	7912901.35262588	14551586.9845049	976164.334542522	5714129.53978868	8813075.30205001	5245029.46215738	15597544.8996628	1783617.75092916	5283323.50168166	38679923.7435124	28154114.2930801	83139072.8608203	30759245.7493539	37373860.778402	14300538.7032085	3241525.59256503	748625.298569476	1044200.45100569	1645861.63888251	1914583.34286526	2127547.64272376	932516.345195313	20450404.5449554	23072531.4831881	4258683.75733685	75497502.0661007	5456702.11445285	11477883.8110295	33779130.1228577	643255.03650719	796349.816207275
286	M446T434	2.13181214375887	-0.841191433984816	0.413982702624373	0.504427516914911	446.444203391612	446.366541829145	446.52799980673	434.0005	426.013	445.247	12	7	3	2	http://metlin.scripps.edu/metabo_list.php?mass_min=445.29&mass_max=445.59	5300052.3761477	20054185.6948357	27568943.0003796	134673208.429999	20960756.4520365	20550351.5730309	222502867.577493	4935010.18275796	10921649.7368431	13474667.7776611	5617462.10284552	7589858.58487639	11243899.1503748	11767559.8946053	5374248.09421842	14896251.0675217	27538937.9855481	9522157.93941324	10872300.749103	9555872.9074427	257326578.041428	5896058.2479693	6926712.63270754	10536863.0435289	4961132.15050373	8068004.84105661	19975143.8914423	10812927.3360984	7915853.9903597	9368100.69420067	16960367.4312065	9151562.42928104	9409528.68124585	14948850.6542813	65818513.3859679	6159382.5755454	8203113.37139464	9903658.81375294	5424361.49691925	11474491.1028403	5832847.55482802	8124788.33431102
287	M544T141	1.13371601408988	-0.829435857409293	0.414749605762693	0.272571446417268	543.562578020977	543.542567284166	543.58670596325	141.204	137.698	148.581	23	9	7	7	http://metlin.scripps.edu/metabo_list.php?mass_min=542.41&mass_max=542.71	40088942.8605152	57488933.9666577	46643909.2207036	54978697.6719216	48052810.9822769	56424801.5782638	53525688.504524	23048199.0717003	16355637.9122112	20842821.8101907	23128734.7251494	20532359.1887909	19112097.7749426	44527164.8783349	41455277.5793103	46968968.142033	44603578.4403142	41756077.5934054	43153007.186434	54424710.3301366	35678421.5964583	19412688.7998905	16824966.771922	18111698.6806419	19066164.7215822	21641878.5140978	15626836.7087597	41634900.7277339	37501901.1234188	34100115.1810327	33850131.6739457	40260065.0934044	28937304.1050042	48414523.3198604	41106708.6066006	19442479.8856299	15143678.2332716	21503490.7023364	20593917.025409	19448995.7504666	12479314.110414	33279537.2045181
288	M371T531	1.20235567169707	-0.832526392593364	0.415090529866582	0.340606113370496	371.398271830549	371.363061576863	371.424175627817	530.9945	469.757	539.191	36	13	10	12	http://metlin.scripps.edu/metabo_list.php?mass_min=370.25&mass_max=370.55	43783622.6740626	56593098.4257614	84073689.4301249	64960244.1003243	44119258.8938572	40383974.2780492	31143716.0224453	31066640.1763078	21427555.8967321	32520474.8532499	23643435.2453134	35484962.8649896	29260957.6374263	59604044.2999053	99870379.5429167	46984562.1263342	111132364.28246	97864575.0223536	66713832.3395086	111013203.365126	22436269.3957476	25323006.3964453	17825136.3616776	18940336.5594824	19894620.0895659	31608078.204712	35563609.8986233	104783038.33207	49714906.1499527	70176351.4809802	66078542.3088206	72161081.6457694	92020836.935611	47377488.7859836	33823567.5572447	33431113.9869687	24165409.3866726	34563908.8267571	26014308.0228733	28797608.8171603	42586198.9418631	52727127.8904814
289	M225T79	1.22361799840209	-0.812425967866991	0.425870492645899	0.651135824094058	225.068057466795	224.967849603731	225.13891928112	78.908	55.774	89.938	17	8	4	5	http://metlin.scripps.edu/metabo_list.php?mass_min=223.92&mass_max=224.22	12937081.1837987	7210598.1170592	5464519.24775824	8896142.36215116	6113589.62989307	5246161.90314306	9708974.81372976	5755043.59306326	14997827.7426429	5001667.40718425	5061694.1100158	4146886.91540383	3933141.18436492	6380951.11638281	6640835.50619882	7932884.74784766	5262345.24119523	5544733.90164941	3565554.92023992	4650913.9433028	12240731.3007811	9200642.84459471	11589063.5866874	13079310.9990171	8143616.08169682	5359559.78039027	3904714.61076407	7571598.0936366	1495584.1246347	1881585.5764976	1794189.41204357	1892136.64703868	1979169.27119279	7370411.6588749	13331253.9272975	5755033.16095657	20809076.9165862	5782458.11951789	6942089.82462562	9083783.48120043	1876278.18974149	5561841.57166295
290	M169T595	1.26786710116928	-0.758986370085174	0.454710417194987	0.447963768752422	168.977022767259	168.956971032973	169.021042727467	594.6335	591.414	597.01	22	8	8	6	http://metlin.scripps.edu/metabo_list.php?mass_min=167.83&mass_max=168.13	1058933.62070013	2334467.79459375	1593536.08609412	1696274.23589909	1775441.60944667	2301030.98430487	3067804.19816717	1615836.30793879	5377078.05687289	3486962.78493341	2492790.05663972	1457179.69938692	3805193.36271854	2336529.93244228	1366938.19995524	2347067.49480922	1794379.69706589	2286723.78692895	1745149.25004704	1765413.37179117	5967821.94798238	5684758.86171818	8974672.43204675	7281202.44624297	4307467.26044126	1595844.21035083	1972112.89154407	1807433.36659616	1275008.04931608	787197.304003799	706238.128240487	819545.798431225	697482.574365015	2881158.98716402	2474446.34717244	4035581.06349556	9453653.39943842	1870982.29303248	5853751.19789752	5752674.24818299	454993.958947003	1503619.96113505
291	M632T140	1.16266226746096	-0.75721754274616	0.456284382848644	0.461421907184927	631.617560440724	631.561707129973	631.63702643314	140.4755	133.822	150.893	24	8	8	8	http://metlin.scripps.edu/metabo_list.php?mass_min=630.47&mass_max=630.77	52824818.1063655	40156461.3428919	34718393.5177813	37228408.0972891	40497761.2768833	41063089.6051449	46164089.3167125	16630482.5720682	10883278.0533819	11545940.6691811	12955405.2205761	11752089.1825402	12778229.5474467	30159023.6113592	41749624.2609393	38107897.0860086	37929107.9511226	45382572.6196961	29888993.2972318	38276761.8534946	33880594.1204147	12217157.9955614	9715446.35571279	10034086.9315921	9131530.20951446	11401773.1889678	9957371.50705625	32766449.6089857	29571144.5021924	24358411.4223625	27166894.3447344	32106539.3418932	22002523.8452206	43170697.3002263	31339799.7745946	14302162.6958153	10668910.2394769	14492927.7197474	12285314.3251182	11640047.3011297	6836666.37925273	30070057.2474113
292	M232T525	1.23806597152346	-0.754489068777031	0.457728570916228	0.654162585864012	232.164454499505	232.148817405886	232.18973670978	524.953	523.26	530.317	42	14	14	14	http://metlin.scripps.edu/metabo_list.php?mass_min=231.01&mass_max=231.31	82149160.8798347	27980164.9565793	17925020.3577709	66398732.3718726	51372488.3290112	79240291.4204064	39324893.1340991	57367840.4191194	74967897.0069811	78111874.0290781	27522894.3312631	30563867.9546828	38437015.2110702	10516980.8307032	74808774.0147035	31815479.2906658	16297997.6357541	77535635.2893241	17066242.3730878	56226789.4406897	103981393.995498	72351232.3960612	53130744.6206016	79524277.8539151	30839532.7173351	36563879.5124738	22935851.9520342	14289949.7261702	19542942.1720864	10831943.9789248	4502370.97902344	18656383.2588871	9040309.64249258	60338297.0616509	105382505.966629	43331154.4768315	112073378.414527	47147300.7107103	31776460.6279617	79059648.4740862	5430509.1801702	8081588.08671308
293	M476T114	2.25388475975783	-0.761524776171181	0.457737256264293	0.493528170858742	476.439737776671	476.371799772448	476.461901451605	113.724	107.203	115.58	16	7	6	3	http://metlin.scripps.edu/metabo_list.php?mass_min=475.29&mass_max=475.59	13743586.4701949	12656898.0505648	33614343.0976864	368828535.30391	29901611.2774269	19633233.2939345	830220529.5612	10319298.417132	27874690.5633905	22885798.7890353	8522196.78087283	24561167.9394629	8680550.90835145	11548013.3277428	13878751.8076911	12765620.3545598	34412102.8067522	19079660.2582229	17175827.1261227	19260859.7520746	617331112.59009	15866706.2778193	24192048.5761195	37246360.8116172	10434674.150291	13888905.10835	10129366.1151045	14569722.3136734	13554116.958541	12870429.4179578	13698022.543683	10200999.1482649	14555230.6897225	15942344.5634861	201759845.025158	9188641.95975023	13121249.4762762	11395281.9454131	12977537.5635096	12304342.5852388	28573026.572169	11525169.9528832
294	M136T316	1.15634429552886	-0.732398615594365	0.471088562317815	0.715253937134905	136.038716099685	135.973590707654	136.065826574449	316.2635	281.109	324.995	14	3	2	9	http://metlin.scripps.edu/metabo_list.php?mass_min=134.89&mass_max=135.19	5817893.30883533	7571334.94190308	7981658.36581569	6336224.55285514	9395727.92334001	7341071.2109963	6313484.10172888	6178948.8180751	4270763.78158548	3039225.86668915	3367250.0046534	3559971.29453191	3849422.76023692	8473444.79820033	5587629.19409465	7014559.20151465	8220745.52741293	7736051.59258687	9212968.66484191	5580444.80855895	3323867.45361804	4853913.83254534	16842689.1331344	4477889.20423736	3188443.12070405	3044339.27690231	3709010.79911594	8269230.36755045	4174596.46303439	8105564.67426888	6220673.78502962	5118210.03136048	5223122.02667871	6880929.23124516	5832204.78961165	4021207.54241153	13356813.172375	3327302.62023221	3709409.73771328	3523361.37509937	3492874.86409731	5763443.35682684
295	M314T424	1.25091445276437	-0.712149718045819	0.483534824135843	0.388635254480519	314.32922065153	314.273947383526	314.374431608119	424.437	358.666	428.742	45	14	14	14	http://metlin.scripps.edu/metabo_list.php?mass_min=313.18&mass_max=313.48	388320612.457821	76193396.4777619	51898593.9013908	200126321.127431	76247729.2084463	133743504.44725	197811777.278114	126722446.401269	296301759.922424	141186784.476503	62842098.0453715	141861532.802383	91129565.3807742	38620793.5750617	371597121.204826	101184685.77097	99772539.7353553	241108544.955989	67223748.3174433	348975403.163661	361994323.009309	403077410.146159	321866871.998281	333434711.612278	104514022.967383	176489590.959153	43037150.5665264	120552296.806722	58087321.7031044	40111050.0421641	17426237.2613647	46460976.7493804	32836618.6035448	243394814.719183	305396291.570092	261315881.116047	690469831.036853	137898050.886197	175437360.065659	398730483.588688	18962177.3128903	47525718.7685362
296	M551T382	1.21921772841288	-0.708246744119954	0.485135994194009	0.660412762270491	551.251649095471	551.189987501878	551.35005014046	381.673	371.053	390.651	34	13	10	11	http://metlin.scripps.edu/metabo_list.php?mass_min=550.1&mass_max=550.4	24697208.26425	38028170.5799987	67884338.240183	163227219.643056	90411565.8605751	143667476.516628	55236141.0815564	133945132.12601	92206941.8642989	231036622.310328	50351091.015584	159369821.787747	158705562.871398	4818081.35563816	27232217.5173842	58990404.8670433	38511469.2796055	165742508.276917	99368370.6182576	159112599.805242	51526263.2609942	146279570.866628	84505097.2160978	199418792.50315	40371395.5922209	167031705.442411	121130865.771569	3113560.28763717	34420289.4456057	11959460.7233263	9976385.07918605	151609957.965927	9939069.37013759	149251087.17405	66784286.9915264	132316786.418344	104193863.317802	211103032.637763	78426717.870727	136283323.570077	19477897.0335125	1642202.51837873
297	M676T140	1.13615502224624	-0.705579988023869	0.486900198287911	0.395449423834572	675.636017131907	675.58033820118	675.649270333894	140.2555	137.084	147.258	20	7	6	7	http://metlin.scripps.edu/metabo_list.php?mass_min=674.49&mass_max=674.79	26539742.7794433	34549247.7131165	31193306.3535882	38317560.740179	30901457.2866677	36471779.176465	31274648.7234328	15699832.2836897	7781661.93911799	12523718.0112782	10521678.8847914	11092195.3192596	12553949.0482831	31551011.1450865	26098246.8805995	30844001.0220389	29283157.6729323	29013491.5096025	30453865.8902479	35335009.1083473	25078572.3035288	8658737.60121491	8962953.43104851	9323643.48271948	10303756.620754	11460803.1915879	11015848.8329541	27066761.9102124	25974681.0215452	21546807.5183553	17103494.0896291	24790253.3117498	16539169.5565738	32312714.3285227	30317443.5478219	12451807.6123665	7782266.55052549	10841066.8012138	12955497.2486026	9903704.76909748	7681071.14783425	27598336.7426729
298	M134T149	1.28551506762245	-0.669641615771891	0.50938740108793	0.544772998355024	134.051316005182	134.035687619488	134.116583371602	149.3725	147.856	156.377	18	6	8	4	http://metlin.scripps.edu/metabo_list.php?mass_min=132.9&mass_max=133.2	11006225.6590495	6454058.89924973	2070914.47186564	3546452.98182053	2543815.75000569	3713944.98947842	12780497.8730859	1824912.74283278	12785512.7792062	4885759.6500096	2655116.80011496	2016949.48031673	2157412.6617914	886269.060305049	11250064.8934276	5137765.02181229	2064473.16997617	11116807.4269852	1078679.66295605	5771660.23429974	12527804.3482688	20787345.9087854	11868698.2800687	6871795.29515921	4415684.09396032	2861585.82572947	4904607.93956344	1858416.96208403	2037907.75093333	693246.41370396	711067.980443761	1880688.01988288	1000666.18804648	4615518.90533322	12313376.998728	3153759.84977796	24581861.9188095	3279628.95164015	7653286.57386643	16229750.2178668	762892.434135067	832895.810989952
299	M546T329	1.10246919126108	0.662881763139632	0.513457000316798	0.784731339506105	546.469810602486	546.450813566597	546.538357385594	329.429	312.449	344.864	28	9	9	10	http://metlin.scripps.edu/metabo_list.php?mass_min=545.32&mass_max=545.62	17462111.5269945	28494835.5389489	37736948.8002354	24026057.8680097	19671122.4323384	31620664.8237576	22298162.9635156	22152867.8330091	7115375.54072634	20513039.8315847	20725006.0598049	11937683.1790279	21692239.3354019	28958706.5139832	19107863.0502567	25361163.7164151	44895818.3780913	20185354.7361724	32959956.22485	22373226.8241098	21569303.6521182	11537588.6158843	7207269.91927097	15771416.1579582	12007942.7700315	16533461.2339613	24874439.7937392	28748908.8192529	33381715.4711022	24379898.7668896	25637097.9534961	35803225.9159714	24604121.1387763	31299695.2986975	24711056.3837365	22648294.4256304	10083528.3038876	16963767.3338228	24817111.4955154	17891784.4814969	10097926.9673353	31876356.4622474
300	M145T552	1.40028831968467	-0.651651091540707	0.520899811371798	0.750724710483841	145.075156031122	145.045766081049	145.112372434072	552.2085	545.289	558.288	28	11	10	7	http://metlin.scripps.edu/metabo_list.php?mass_min=143.93&mass_max=144.23	3439160.85154342	4836637.90206945	2019540.09448456	9751222.31688569	11559969.8400068	12476828.9184931	31031922.3817926	3359634.85108238	776302.815290277	979839.200718792	35767526.933299	6595181.23325942	1828162.28527536	11596752.2185861	5137947.32121114	4803498.29470156	2568719.64263466	9716860.21308728	5965366.83158481	10883368.4937046	21784360.4840639	3093890.36885604	1265091.44879107	696858.508386306	50078672.3529213	6888222.318172	954802.283425874	12336724.9950149	3305645.67954003	2011788.14798248	802085.389048681	2793305.35165727	2803970.4872522	7220621.37931837	16889344.610164	3540223.92648546	2836397.86222049	1237649.16220057	35256710.9278482	12135024.9043392	685195.888779685	5729425.7259467
301	M325T549	1.46882302952006	-0.640901863432372	0.527461386219662	0.807999735833271	325.226428061323	325.166374513876	325.259106090475	549.025	546.223	556.089	29	9	11	9	http://metlin.scripps.edu/metabo_list.php?mass_min=324.08&mass_max=324.38	25668096.9255372	18556328.4636927	5385514.38664015	85117098.0074927	68687832.8148633	109976466.003396	378282701.421774	2533945.47962538	1870180.58889911	1643630.92568692	197106006.014378	13506706.2971153	2954387.34813971	107497854.029536	31732936.9333881	24980612.3683928	9723653.79074519	81784953.379133	33021907.624711	103412267.404509	321171266.934426	7645324.22845441	2620330.08148407	1216693.77683412	365040236.219545	13222067.5660315	794349.007816596	156005139.915496	14770137.6018053	4983527.35619921	3582343.89334158	11511315.4624582	7748555.10107932	86390107.8051593	283838167.258571	6153469.85887084	9414367.69429292	1338508.02913434	266584010.096867	41597836.7423598	1087599.64559282	45554568.2398258
302	M299T548	1.24430252009509	-0.621915706580144	0.540009520377484	0.804037766050011	299.169783214678	299.140406560656	299.222636192876	547.594	544.255	554.97	19	6	9	4	http://metlin.scripps.edu/metabo_list.php?mass_min=298.02&mass_max=298.32	7450742.47158775	13268664.7182437	4899510.95989567	29282082.0551693	9787835.76971536	21585633.4526764	36719245.7080462	1648402.12125535	3330400.30571932	4464829.80191564	17694562.2833302	5869829.15614578	8795210.09722873	12839165.3390101	9789589.88560673	14806564.8579588	11706445.8553399	13192301.5316217	7476449.62741864	23836868.5546494	34799695.8571062	5702513.47402421	8077369.28047725	5345866.01792778	23546799.7030111	7627451.76498417	1766545.52245727	19216676.4691351	3332896.17557559	1979879.37598552	979528.844901712	2487250.3522255	1527479.34356175	23376704.8664458	39773854.5113954	3823553.9586903	7376532.16216803	2525409.89501422	31782901.0825993	20951024.1804691	909571.195796742	9370922.60593448
303	M233T526	1.14438784697651	-0.610949226581813	0.546654170033212	0.764189722131529	233.143148454449	233.12820243453	233.15176128858	525.947	523.251	530.317	27	10	9	8	http://metlin.scripps.edu/metabo_list.php?mass_min=231.99&mass_max=232.29	12135624.7501303	5427476.03919979	4201529.3648667	10055013.8883619	7633322.6435225	11020300.6047543	6700324.06323154	6023184.82516493	9086640.42802617	7428548.00279253	2295414.55054466	3337169.60707171	4781689.45436959	3591851.80363156	9990994.51451884	6241881.13264291	3738298.78738436	10877661.1768897	5820840.06904831	8173363.7495063	13701902.6752602	7327557.93798127	6018422.89715416	9511782.77037402	3276023.95542312	3800942.5513017	2302278.15478106	3281274.98704692	4770022.06209046	4077241.82856348	3114126.46110574	4340440.47360898	3767150.81939961	8619940.402916	15136018.1894323	4224324.12885546	12444992.0290992	6032285.3673094	3699595.87854614	8127328.08603206	900647.663829709	2941119.29001042
304	M284T473	1.28102914263448	-0.598687493727283	0.55465727815312	0.66741520603487	284.269028465468	284.211268951354	284.313781639218	472.914	398.299	474.891	24	8	11	5	http://metlin.scripps.edu/metabo_list.php?mass_min=283.12&mass_max=283.42	36841169.3995522	5546073.24254347	4980529.66037141	7670943.84484392	15121657.9031492	9804999.85840064	25899372.4738767	3159786.17259731	38803728.5098599	12038310.1568121	8741190.70885937	4154862.40310555	16114508.1743886	4687289.39343683	33763830.5750125	9084769.0141718	4607639.98567941	24522304.0912384	12543065.1540247	11727609.8697293	20897344.9125503	10605821.8714706	30151045.4785373	69539020.8423966	23506052.6291946	7251019.77751199	3654900.15838636	7866981.69322638	5072911.17508359	3359279.16161324	2152601.2347193	4115624.2535686	5024688.69157462	18502732.7545347	22224683.362897	9338681.30061021	78308638.2181039	14939024.8459563	24707905.9822268	18274864.272172	1344531.31348283	3184395.53732779
305	M767T1439	1.06806736707556	0.596152857377121	0.556443083267985	0.782426096359022	766.762290518304	766.704830928363	766.830247867509	1439.3	1437.03	1442.19	21	8	8	5	http://metlin.scripps.edu/metabo_list.php?mass_min=765.61&mass_max=765.91	19204890.1723314	22092318.9206233	15766033.4015453	18232725.5379787	18108005.9196277	15146884.624513	18109637.0504953	12802496.0679415	10269242.5651446	12502198.8569191	11096157.9780087	11422493.5563614	7834708.47951763	18498197.6241319	18107783.790683	13608211.3213901	19504093.9677222	19835579.7736972	18557615.0226917	18825290.4640409	18306147.8756056	11324138.8973458	12624882.0905194	13684162.5570334	10453929.2588841	7947637.85040275	10333359.9557434	17726140.4283526	20342659.0172947	22334519.837033	20972016.1098912	17426085.9841282	21827211.8506107	16324726.4786254	18159410.3135956	13201786.9413187	14126779.4674077	10565709.9478806	10555944.2375457	8042324.20949561	9921591.59691931	21389461.0486869
306	M550T141	1.09366741480077	-0.591517706765142	0.559285544543348	0.66876479182548	549.535534877993	549.530410634533	549.551649975214	140.874	137.159	144.348	15	5	7	3	http://metlin.scripps.edu/metabo_list.php?mass_min=548.39&mass_max=548.69	26699209.8194182	27088439.4908981	22938847.3797022	30411296.8202566	21548816.2006591	25672142.4926327	30760052.6701505	10360924.8124705	11130329.230438	10995678.3240609	11378614.1598873	11066161.5111469	10862626.8515417	19996491.3865453	23128239.617645	25041708.6592277	27432564.1376755	23487437.6110875	20858475.5447452	24611828.6029266	25120139.9546367	10970451.1672511	12025583.6980614	11956806.8677796	10032524.2045392	10017353.73831	9003735.43188523	24359027.3275905	20678328.9299506	16436529.0224691	16061470.8783645	24494937.7083988	16709224.0750664	27767548.0307766	29649425.2072575	8836414.95970468	13526033.6031908	11333084.0319873	12599513.0186741	10448154.4877199	7009837.07467297	20394972.9533328
307	M296T544	1.28198823885985	-0.593135603371618	0.559749075795492	0.534238558436107	296.14871224274	296.052263156526	296.239344585167	544.134	530.867	553.588	19	6	7	6	http://metlin.scripps.edu/metabo_list.php?mass_min=295&mass_max=295.3	2927565.62645521	2500869.39486456	2179390.99384993	11977323.3120517	3875295.23682483	7388176.30664717	37441761.5435185	2552831.60736514	6800452.65258692	9229413.64664233	1751786.03342393	8133294.41407056	6030520.20774066	1718442.61546958	2739920.01372978	3034562.25905401	2176684.88525235	9893389.67749112	1812071.47120362	6716743.86522338	11800771.0477701	7491850.48445485	4167550.96858383	12086542.2745705	2372761.80025924	9397120.67940497	1859737.74822425	4828547.04076251	1279688.19662182	1301268.43567055	724803.028811238	5564344.74355611	700695.934229263	1312934.70775873	5395576.97760823	4726392.20539981	7416092.40139753	4057274.37080323	1502590.64617259	27515499.5140574	541351.221854088	659609.002469221
308	M574T141	1.10735051377248	-0.580766436052064	0.566640277921519	0.348643264828578	573.56464501801	573.553561216278	573.612421734351	140.6155	137.043	153.61	22	8	6	8	http://metlin.scripps.edu/metabo_list.php?mass_min=572.41&mass_max=572.71	61805623.6547879	47532813.5452112	42975505.5234016	54119481.6167316	48165553.3791375	51106277.6502552	46660301.4712218	20404339.5521221	13391208.3302275	18034438.4100749	16022550.5233921	18090509.57778	16339482.0469877	41244639.6433906	38565192.6063938	48730105.3867961	42648043.5571402	41426983.29875	40596879.7719681	51808006.2284757	33506819.4844338	15861655.9659282	13267343.1734959	13766672.8493621	15419656.3896666	13863324.9407671	15088710.4907754	38813161.0568864	38696604.496375	31434504.5652141	33080561.5784581	40671447.9436421	30016332.3910262	49988052.1249337	28844888.3382226	17905891.088333	13798538.8290944	16564969.3406518	18546955.2921972	15647051.7369331	11374425.3053768	35750054.0049903
309	M315T424	1.19127219668153	-0.569381284089553	0.574711561575846	0.384202967600423	315.313048115934	315.264171490154	315.344656492953	424.287	391.972	429.475	30	9	12	9	http://metlin.scripps.edu/metabo_list.php?mass_min=314.16&mass_max=314.46	75133821.9921983	12061579.9209629	11580686.1975344	37534163.5151443	14580445.1939362	26341289.5931141	32702282.2215755	23638022.080303	50476534.0678388	24098943.671135	9778188.02133624	25507574.140645	15034824.6979819	9612016.84927527	67345806.0455192	17878913.0418611	21512251.1870833	48087764.9762547	13898145.5437638	66859586.1665027	64458966.6224199	69690887.8354187	58123110.5889823	61189058.6846445	15913188.7586451	29023994.0666555	7769769.67826306	24997361.7965775	13483973.744103	10887051.1613797	5777007.12382364	11273176.1660535	8056323.29110929	47202490.1878666	62092393.8824271	44355180.3977147	133106736.058478	24597027.2649488	28681198.4179658	68751763.3220212	5759236.45961709	11727330.1629114
310	M459T145	1.11356568728168	0.568114429775924	0.574832035157595	0.697366467740596	459.462351997346	459.352034228234	459.471697015397	144.6565	110.955	151.553	14	4	3	7	http://metlin.scripps.edu/metabo_list.php?mass_min=458.31&mass_max=458.61	35477220.5945307	43425056.0902246	44913261.3523305	45919304.227711	46202899.1311227	51288222.854002	33517185.5212433	18137666.3670268	10870997.6977078	16433449.3895288	14735404.0272508	15114777.4050508	13493708.1150803	43543466.583211	33226874.1232866	41801440.8750895	39549454.4047909	32208261.995726	43012960.0458917	41390430.6440264	31131310.3285852	8016578.50422671	11367827.424174	10884222.2420819	13622386.4487716	11793417.6123743	13289466.0616851	37921572.6722133	40688163.1682123	36682201.8763302	39618362.3260318	42624837.0489901	37000968.8642022	49189043.8616443	36402296.1399587	15494507.781018	12941087.2073543	19318618.9491692	14729174.4386423	11575020.9222356	11723185.4252975	43159027.2665519
311	M184T549	1.24339791475119	-0.544944533890498	0.590488376491862	0.851361663256857	184.022942535183	183.972529651889	184.043675877378	548.8825	544.894	556.089	18	7	7	4	http://metlin.scripps.edu/metabo_list.php?mass_min=182.87&mass_max=183.17	1226656.23616665	2758134.90657751	1473810.0761625	4633487.03871416	4462982.23653242	6977597.34943546	13232832.3964945	1000635.79062866	870261.343378317	909061.410628778	9915406.86261893	2861303.34886518	968203.283280715	8078571.71844795	1656536.83841479	3328378.83050537	1873853.79275254	5079827.4222354	3712719.63796308	6198303.78278613	12960113.4812378	1771698.11779323	1199559.09808267	830640.262001942	15779860.0012816	2435922.80576051	434971.252470865	8997781.38246025	1914470.1349483	1185214.10638969	604343.04863068	2110852.50799821	2015879.30618736	6125615.80755273	10754171.5610182	2005205.24789949	2031639.46304699	623523.298164875	14922858.230245	3939646.31529769	164627.731270989	4891544.5456791
312	M676T1420	1.14640035612582	0.544499905228678	0.590834542192611	0.84838156528098	675.760671138105	675.73273416292	675.838310786054	1420.24	1417.25	1425.63	29	9	8	12	http://metlin.scripps.edu/metabo_list.php?mass_min=674.61&mass_max=674.91	20349015.3870387	18771114.8602382	17472376.4369034	18878047.2200931	21055626.1817126	17505297.61978	15573071.5645327	64789248.3116696	56901491.292871	67451973.4695834	74938074.3680658	77468520.4715237	67798584.0995457	21788345.9649797	16585573.3628365	18016653.5901798	17411498.0936104	17857342.8967597	17570862.3583761	19871830.6490306	17208250.4652018	61592063.3897813	59722900.9739343	59195460.2646803	65787685.2337717	71349090.1625001	79457828.2598266	17825982.8683252	21609642.8728126	20927843.8735938	20219167.7763281	21630126.1894671	19811978.5965278	20044384.2870161	18986317.2778125	75869912.8420328	56420104.8114649	70521012.5428778	80825765.925036	82175464.5716274	89233361.6960561	20154053.9233859
313	M144T553	1.28223730915608	-0.534690703539774	0.597525584158082	0.840995700914821	144.084954803376	144.064334882584	144.120052347423	552.7755	545.945	559.063	42	14	14	14	http://metlin.scripps.edu/metabo_list.php?mass_min=142.93&mass_max=143.23	64192479.0995533	69472524.7647556	27928927.2992107	136368331.068155	153531418.522022	163066672.984532	391341687.034738	53924366.2794435	15738349.0036044	16959529.4996525	455805780.66263	99825543.2728164	32033187.2800448	151436258.669877	69067008.3959925	76530385.1714137	37390781.2739326	135640738.932234	91357334.0548917	158010780.26784	331316643.009	65308782.1225555	20181884.9187357	21203393.0601159	607663043.20037	97366286.9561314	14227526.1032235	175414194.371583	56170945.8762439	28399400.1856097	11614169.4286474	45150044.6451177	35337321.2098515	130013672.247029	289520511.974565	58529434.2902694	39608137.2878963	16914086.5020226	489716168.384093	181504599.053069	5212169.32892545	94623703.9136306
314	M287T459	1.23107240373822	-0.532730840789743	0.598769543157927	0.610646114133973	287.267138408975	287.176111768255	287.318818358881	459.115	452.224	463.18	36	11	13	12	http://metlin.scripps.edu/metabo_list.php?mass_min=286.12&mass_max=286.42	142942597.846086	9383585.50932084	5619130.71135802	47353928.4164015	34547925.8794653	19181177.4666142	14289514.6719797	6847070.51971102	78753498.9643088	86907148.0715582	21335881.9468127	14449345.9837184	44962389.4059768	5429697.95341801	141755126.04139	18554422.5626176	14925550.4588608	76932966.4796429	37537148.190589	53466602.0743821	44530643.5124599	52845589.1541871	76617859.9840364	181435442.598046	50399159.9325878	12161139.6740918	6766195.85679253	20731152.295216	20567580.029445	9214862.53804139	1525164.6289588	14811704.4727782	16317948.5235937	55017683.9625863	55033463.4118878	47705778.4045832	213848522.720547	60207031.961881	72753287.4435944	61523828.0499869	2256581.16942541	9844194.67256767
315	M281T149	1.30978360782312	0.521529092280222	0.606881506052799	0.246834987208546	281.178624085463	281.113135492257	281.229379921866	149.1015	141.998	160.282	18	4	7	7	http://metlin.scripps.edu/metabo_list.php?mass_min=280.03&mass_max=280.33	12628995.0669251	8604092.89388148	5187882.40612772	10527371.1035632	8214027.88567288	8364630.40520338	26984254.2727737	5294658.05341188	32237855.1276582	10449602.8704219	8393643.66342774	5222281.51316177	6936178.1389882	2915032.42582504	13035681.8562746	7096212.20118215	3745484.22304183	9281990.1309719	6039718.99900221	7309370.70700892	13127349.4547482	116229894.586209	42013397.2628983	23349708.9938104	15270522.384823	5605206.0115046	23962479.3084993	29868431.4210115	4935253.63039933	4133638.43733016	4946183.94433381	6960192.03417357	4356600.55888307	28228441.4533045	76598056.1209006	16017139.9596327	135638618.750406	22079209.5010426	10580552.417078	88375252.7529462	3505203.01202594	7452727.7469882
316	M471T954	1.16733719812776	-0.511462454466169	0.613347976275057	0.857264242164802	470.515596044518	470.500381967712	470.534572711621	953.7515	940.046	960.832	30	8	10	12	http://metlin.scripps.edu/metabo_list.php?mass_min=469.37&mass_max=469.67	77769882.6999312	92598085.3626969	68017270.3855206	78563127.1523386	76766464.1583456	76704256.871255	78356728.1268247	341509435.066617	295861864.633329	325448605.176882	365194076.858078	303070174.105298	414396024.399149	76350700.5834506	67497570.256437	87641523.9414787	73856183.5737484	72094840.8416131	65479577.5275691	71889826.6468583	74254460.5170147	382977485.226307	408770230.273629	380499579.219999	343381551.656047	309013542.529309	317227224.988409	83415010.0224241	52044924.5620756	52411358.0867526	40204485.1415679	52498080.2496891	43329049.4405793	68828230.5948641	74294945.797311	336323689.264344	414142269.056358	278420389.632	324041668.8477	348882622.987766	211305071.799926	48781103.4439951
317	M182T550	1.21590031540585	-0.508551771099289	0.615380933651361	0.873275698751653	182.025154641291	181.993685775241	182.050447644433	549.992	542.332	606.878	43	14	14	13	http://metlin.scripps.edu/metabo_list.php?mass_min=180.88&mass_max=181.18	20203088.9948086	43593077.8417165	23546156.5559954	65621447.5608655	63748400.1237673	92189677.5788846	191769709.871129	11933822.6077971	10733703.3067217	9065663.49917687	159538876.87087	40188233.4217045	19139362.9287834	116615417.693539	24591657.1590171	48680263.0644748	31137169.3301199	75372202.7123266	57739532.847756	88416888.1605186	165515575.396078	29702206.6264153	17407389.2160925	10781270.1993352	232620009.301077	40689145.0394887	7802716.76167301	124618186.047917	27240348.7948459	15579503.7539928	6353327.71903992	31904784.6378663	29426792.8884557	83834071.8349629	154843456.776204	32671162.2159264	37362561.0343046	8288753.52913182	211787107.835091	71937870.5957792	2330793.79344228	71926728.4407919
318	M286T459	1.22282451230436	-0.507174130326593	0.616361606212932	0.607886975754937	286.286591210002	286.224973877746	286.305649635876	459.404	452.555	462.711	41	14	14	13	http://metlin.scripps.edu/metabo_list.php?mass_min=285.14&mass_max=285.44	808276679.310843	74195520.8495772	40318475.9088707	270619451.76061	204593402.646846	111681843.984532	89291572.8517983	43539351.595322	477175539.92785	539449476.545064	131069403.397527	95172965.530623	289697895.434504	40679766.987089	787499676.419164	124635537.608353	79592349.2335282	447267200.12866	230380233.30298	284358601.688888	252696578.130191	298189800.188367	614459641.735668	1115879033.59779	282624119.669853	112231639.847498	40804303.4004514	120414633.023448	130250021.583465	56344185.4087391	5313366.90154473	110563680.393242	106345081.620324	308640310.036326	313191028.877145	279447325.180831	1354072026.4985	364662661.373357	456271884.501497	365615038.228051	5709155.44807389	61579883.7917787
319	M287T378	1.12378150838819	-0.507093551430064	0.616423023557723	0.70451242133345	287.147921716617	287.110989370818	287.237138873321	378.106	370.388	389.709	41	14	13	14	http://metlin.scripps.edu/metabo_list.php?mass_min=286&mass_max=286.3	18273963.6872658	49246058.3092754	72857360.2964873	110197741.152898	81530293.7048695	110090512.981399	51162872.4980556	126431345.977059	90040696.2152268	199519791.486404	60020438.1734681	127280139.539962	137740724.645317	13522335.7469309	19899699.6257269	55405927.3153393	47590339.9652051	124657506.272657	80193263.3436077	101875496.469792	54100966.9079736	120623511.427539	91879433.5355744	152957382.865881	56430243.1849989	138191221.653232	111983950.450583	4891477.65660977	45734526.5732143	23513157.6012045	15384443.5172946	108386116.246119	23901530.3077628	106282455.832899	71159725.968553	119963631.185734	98406766.0567203	170567738.708025	75958257.7429704	132335631.2782	33737380.3677576	7503235.02851266
320	M72T430	1.13901530495487	0.503308545388026	0.619045316438921	0.620673343779841	72.4759035523329	72.4647152546423	72.5281810107221	430.1495	422.572	435.041	16	8	2	6	http://metlin.scripps.edu/metabo_list.php?mass_min=71.33&mass_max=71.63	610062.218322395	5424873.10235396	4893627.84157024	1708881.23023389	5252152.35960749	4454014.67482829	3383021.3490742	1334813.47294137	5434462.88915399	4174188.13426916	1580226.98755212	1362011.99115946	5264490.90378982	2586665.92973907	696376.156427989	6239134.92269863	3380282.92511007	2313897.36433479	3321850.17543959	1061920.77341779	2217239.78473029	1462829.06831803	1792751.13739674	3365372.64992022	1050513.35558806	1888057.52515936	6796014.49872383	1960238.60787912	1099371.42484311	1431078.83943707	5801839.8759483	2411385.28145245	1260393.52513479	6148503.82052414	7693456.83637982	2408410.21771818	1914747.67662032	3680521.92728414	1539519.44162535	3113901.30298521	2863128.24996052	1399755.74577182
321	M504T141	1.10682451709706	-0.493971774167364	0.62576756320329	0.679605867306882	503.507862381739	503.460279990023	503.524720207085	141.273	133.505	154.27	26	9	9	8	http://metlin.scripps.edu/metabo_list.php?mass_min=502.36&mass_max=502.66	44785724.6623119	53354361.3836036	51593950.0603825	70769838.424885	55179472.5073945	61702404.5254891	66540834.0700284	22259061.3566552	11716955.130444	25762365.7062674	16362925.2844349	21669864.5066398	13663982.68738	55420212.453172	54895194.5450712	52906383.5514693	52766698.490625	69802830.9468636	50953111.1803	51618688.8688565	61296918.8853776	11985737.7883302	10790417.8208594	12647431.816212	12397351.292875	19482263.3717755	17021012.0864359	49503278.0098357	52432399.3914072	38204880.5731426	45501384.3901471	48623250.1949734	39351328.0550113	58061785.0792205	42610809.268	21390249.081274	13265398.9824463	22398634.2786138	17649350.9636684	13391293.3240291	11932605.2265273	52287843.2607134
322	M657T1441	1.02158301321254	0.46104705615765	0.64859882780548	0.810558479433956	656.7224392175	656.694714243019	656.73927059095	1440.73	1438.34	1445.02	41	14	13	14	http://metlin.scripps.edu/metabo_list.php?mass_min=655.57&mass_max=655.87	100857485.423025	106090653.938144	104902595.481733	107902472.390816	106061094.895181	111541287.632296	96802104.6756642	142662990.559021	108224045.206614	103006532.627702	108285345.288129	111283384.755755	104871755.954531	109817209.849257	100206060.817066	108568941.085606	99783816.180804	99636148.4185092	108593964.361288	104592161.052414	103890004.969351	134690459.40324	87114295.1156958	108747350.771894	82181184.9734198	116946490.203765	121800316.633072	105507532.887989	104202148.197349	108895777.555234	109595774.234853	114389879.18932	108419313.70699	101799645.87325	95909767.1643445	139049638.595177	104087350.337186	115098387.865519	103934195.216314	79400957.3713968	117590106.484394	111877394.769314
323	M724T141	1.05544902315979	0.453677840742088	0.654170973755745	0.668011716999775	723.625584495543	723.57222789615	723.649344428257	141.02	135.175	152.778	24	8	7	9	http://metlin.scripps.edu/metabo_list.php?mass_min=722.48&mass_max=722.78	23585735.2882828	26682344.2230881	24005383.6776339	25431494.0074737	30702521.7788206	21689681.1725688	17941794.2279928	23129178.8886708	13323315.2114199	21112736.3341601	18188171.5118741	16619144.3851397	15014785.458449	25274565.5681496	19486372.6412476	30568694.8344034	27909593.9705469	29904046.1052396	24552049.6168078	25623176.1825128	15168172.7521884	11733691.9114049	12054385.8704655	12093314.9246684	11921931.4605146	15950607.5114839	13449539.1455864	24138488.9610341	24411912.2749712	21093869.3205115	22738325.6281106	24829642.9032577	21915025.3683128	30078523.512923	20043595.9458571	24009665.4173443	12994994.6928917	18889797.890071	16477333.1046708	16289536.502025	10475917.44597	25529680.6392302
324	M604T141	1.09404804151012	-0.448969986857714	0.657247842277871	0.702864316145473	603.564624630165	603.55958809634	603.611942405708	141.0255	136.17	144.495	16	4	5	7	http://metlin.scripps.edu/metabo_list.php?mass_min=602.41&mass_max=602.71	33704016.198799	32776998.6468389	35486189.3151094	36279464.178125	37580627.2609087	46165125.7742584	32978075.9482834	17173150.7796841	9412315.99368996	12640576.9857841	11632723.8548623	10741772.3508177	12244157.9482873	35904725.1977447	29190960.0019318	38027585.6946225	36930851.9121273	29742926.9607362	37090665.5206416	43569405.548797	28607130.1938642	8494869.52961423	10401701.3702305	11265949.4382721	10474461.4460129	11513324.4602338	9518018.51287494	33425025.9214997	23371136.7218447	24317285.6114588	28868993.7443906	32645402.0457125	27415033.91125	42640743.9386192	30946335.1705829	12250179.6414628	9900043.27530708	12063939.5366025	13188246.9867648	9916779.21807284	6662483.79473329	34988920.3999024
325	M244T516	1.15330658122785	-0.436023790004194	0.666791420870612	0.590867210561131	244.174560929484	244.152229813053	244.228156031733	515.585	512.222	520.022	36	14	14	8	http://metlin.scripps.edu/metabo_list.php?mass_min=243.02&mass_max=243.32	25139661.2416955	17052622.3372734	2671294.11181787	8676679.54121337	10524313.9785586	18207657.5740935	17651633.1215424	14792457.1807257	31768430.9302426	8554852.44701861	7784437.54853522	8391608.33782846	30164318.9212433	2822300.09629764	19468801.0113507	15450078.9229122	2988183.1655389	4537071.24893156	5033967.10669237	7636209.81574893	24820345.5240471	30670479.7003614	16767294.2793616	9375622.64052565	11764191.8740336	9594742.68723288	11965288.7328668	3878646.97181424	3282798.29493759	3159968.02268077	1422668.12265319	1329094.92575242	2115107.81619	14948856.7954649	38087770.3290539	14761351.5767743	28110120.9828269	7386499.95963798	9407547.03378411	22039108.6008046	3073771.41958253	1703334.94756072
326	M720T139	1.08974341602019	-0.426686399922201	0.673225019961591	0.719533971017122	719.647508007737	719.640645279778	719.656599006359	138.73	134.148	146.212	20	6	7	7	http://metlin.scripps.edu/metabo_list.php?mass_min=718.5&mass_max=718.8	29108268.2528425	25438351.3750509	26275526.6211291	24246850.5389626	26707196.1120582	27591771.5949557	27394680.9933534	12097367.5524649	7477796.99472795	8831791.74270677	9070964.02816644	7484468.04750263	9876490.07656812	23144375.22576	28382695.2145833	23316038.5824543	26283968.0009055	32265278.6231209	25189782.5205329	26961148.2004263	18256210.545923	6041940.35408159	6967346.45420215	7095966.77085872	8397256.44414547	8828090.08493178	6953959.17127749	21408529.5640896	22387435.0812672	19435274.6315396	17063060.4388771	25112112.3464208	18690739.6757103	26682454.2115108	28789544.6943086	10630911.2086979	6611245.10836876	9641644.20030714	7749658.58327934	7764692.95884543	4631181.07920071	20870792.6602408
327	M412T678	1.27789113533441	0.414280250726383	0.682250195788364	0.29547678565025	412.281157346094	412.197467873619	412.329566119006	678.329	673.914	685.284	16	4	5	7	http://metlin.scripps.edu/metabo_list.php?mass_min=411.13&mass_max=411.43	40169745.9444779	2066767.22821011	1607698.46643164	11632187.6648047	2369430.9355806	2609460.59545328	7386575.33607205	1098948.28908664	4272807.6175967	9049440.75452105	1396824.07361255	2099213.00891004	6077034.60021785	1485797.02405798	53485528.9551367	2409073.60292307	1497213.05716236	21889863.4592538	2522936.61929367	12444342.9539523	90826997.3969089	6216023.46122146	6213190.19788521	24084794.0454054	2695043.4033389	2793543.54315151	1301206.35853849	3392937.45243295	1571320.80378952	1060390.55113371	712047.825357694	1371884.76484247	696859.95537863	27024427.8247728	87464429.9319841	6625852.01234827	91271853.1483672	10027669.8592819	10909153.3278912	55862019.0074403	957419.176954045	624943.533018889
328	M665T1398	1.07488322054136	-0.396384155779449	0.695849519421442	0.581811992114241	664.604418628072	664.579476813878	664.645063282485	1398.47	1395.7	1401.36	28	9	10	9	http://metlin.scripps.edu/metabo_list.php?mass_min=663.45&mass_max=663.75	52587724.2763606	45983569.7621132	55743489.2998019	45919319.9806188	47420118.3842426	50013923.6419291	47478279.775526	472533301.30508	109111336.7	88744125.932262	88179403.4531797	88775765.5435927	85350016.241008	54901848.5921658	42055331.1453674	49475818.6579226	43763862.5399663	46731586.6550897	56253436.6528342	51931908.3177045	44879564.2167389	201195435.232397	99192264.8932307	82871335.4072007	88691906.7014637	93923995.7874798	88175452.6742777	50284085.9794034	52304051.6760109	57003910.5072608	48648367.3126339	51882177.971813	53372003.7638245	45734332.3039318	45009537.9597548	125488834.723356	87730174.716792	94862013.966401	83047407.0933703	77819009.263404	92021878.568892	52089241.6691913
329	M160T588	1.12257738099306	-0.382488655374957	0.705208952435629	0.660388356571611	160.076861940376	160.042132841994	160.1121207938	587.976	582.766	594.788	42	14	14	14	http://metlin.scripps.edu/metabo_list.php?mass_min=158.93&mass_max=159.23	96478245.2051438	37307136.3623964	26640733.6413179	52017953.6261087	41319369.5357196	59849393.8338328	100080337.185844	40722871.6184135	52539196.8929101	127581427.947204	79234071.4281019	57073337.0031762	69467493.0337798	33687913.1338801	92276332.4022726	40991660.0844411	31731646.0467927	73886848.083405	34994199.063501	74606822.1775285	189659721.029356	74239674.8967083	57453922.7726385	234012442.664221	94827383.9774188	60388448.1132879	25776162.010737	43404549.0173842	28977782.9670648	17859930.8931003	7464345.30800546	18218445.8558307	16781785.5578806	81991158.2370321	147338390.927232	98149176.3025167	161471728.829933	123971222.921924	104086510.873423	168934825.111551	8810482.48947103	20997256.341677
330	M101T588	1.12801079380504	0.36965833193496	0.714630962370256	0.274401845202491	101.170041066827	101.158117715849	101.215281246952	588.485	582.763	592.361	25	8	10	7	http://metlin.scripps.edu/metabo_list.php?mass_min=100.02&mass_max=100.32	10174954.6420187	2569593.55604459	1365621.28947028	5609576.50623245	4778123.67420368	4640888.00620085	6216370.71761968	4805214.04835967	2650875.06063539	12379864.410384	1882765.52078469	3727240.01375905	6897584.93416249	1827941.49024118	9372777.25634183	3110208.65440461	2494807.72308765	6633142.44318617	5443218.63543237	8468486.82710117	20180713.0657	8918453.91305026	4005253.23884025	25124031.7637394	3468852.94883897	3963742.82696658	2197172.15204812	2347014.32395753	3763874.79001591	3010721.84024158	1235465.1314985	2781922.42899753	3083853.17468803	10593050.1261681	19613884.9579637	12388916.2837622	17267174.8910093	14310573.9304734	8052386.87808105	19206960.5789362	1258244.63360737	2695155.43223543
331	M618T140	1.06731122329904	-0.351043020033045	0.728536513519627	0.903101011935547	617.573160982728	617.561647117295	617.623011401122	140.014	134.81	149.243	23	8	7	8	http://metlin.scripps.edu/metabo_list.php?mass_min=616.42&mass_max=616.72	23155833.1120914	38077155.3270898	34612903.6426336	38775025.182213	38475017.1915435	40577792.0278402	29700761.5085862	16175979.6767717	11346576.8439441	16277969.1624443	12450677.9470832	12260169.3213143	13807668.9001341	34556308.6809656	50385832.2158841	39317727.6010643	37133970.9598135	22566435.9548697	32304351.5180788	41140682.5820615	26258575.6989269	15416307.4607249	9502693.61229496	10322273.7047907	14063498.9846773	11439313.5632373	13949825.1813162	32349320.4935865	30980970.0261604	31763525.1711669	27253063.8633595	32342750.9378184	25159993.840233	35743682.7977675	42891915.7227539	15848267.1289155	11850249.9837043	15203768.2330398	14149618.9270145	13283891.3969248	8296870.67180859	28921175.9180303
332	M706T139	1.07129466090755	-0.343510450828456	0.73404449359748	0.806279662591945	705.649868150069	705.589178382775	705.690761353465	139.377	136.736	143.633	17	5	5	7	http://metlin.scripps.edu/metabo_list.php?mass_min=704.5&mass_max=704.8	25217637.3854599	32567358.1113056	19996598.7949131	30425281.1097347	31155226.8577923	35112416.6749472	24845172.8299644	13695670.8056194	8565444.61895657	10508340.6756629	12184265.6570504	10458853.0366526	9368461.4338164	30436765.1858516	25373035.2191392	34722393.3649687	27842088.8129004	32861049.9720945	27617716.3181511	33189276.4608319	18551303.2354938	6638462.0098121	8393224.10341641	8783919.66981323	8410532.61473608	9833363.17060939	8763357.18932183	26886322.6661216	27922303.8240081	23163391.3306079	15860166.0830645	28035221.7797372	22772978.3591764	34247824.5020977	24602178.7086513	11722457.8955343	6441570.65032167	9412826.1485425	11105881.4713806	9810605.39157773	6781216.49662476	27495436.5666402
333	M288T954	1.1016669741489	-0.343034191904614	0.734331820614504	0.754364194065747	288.323649603052	288.306198745577	288.36338779298	953.645	942.303	959.765	25	7	7	11	http://metlin.scripps.edu/metabo_list.php?mass_min=287.17&mass_max=287.47	30579227.431435	32599901.7463139	27269363.6079375	28957159.3096928	32228883.9730503	33014274.6117506	33989983.9185206	125786648.791769	105221580.001223	95928050.4624856	154848200.89375	104664451.862391	217284118.553002	30254408.3504015	26379024.9159063	31987720.68666	27619123.1742378	28826430.271942	25929803.6325384	27040340.330458	26537808.863638	144400473.422543	104672390.645079	108598260.637748	117020498.802976	109608204.804833	122825784.094759	30970353.7209616	20634947.0065389	20728384.7995638	15225112.5480918	21619468.2712172	18502670.0690465	25625379.1634289	28066324.1057284	121866740.79493	108950795.287291	106585304.246936	117331674.92396	131307680.706091	89934038.6344159	19989973.6282424
334	M588T141	1.05537309630626	-0.33435886173799	0.740813850529942	0.804999516594576	587.575787799374	587.552348772651	587.608474199534	140.543	132.84	147.918	29	9	9	11	http://metlin.scripps.edu/metabo_list.php?mass_min=586.43&mass_max=586.73	26093920.3800236	56349377.8213288	54407433.4810156	54252161.0827033	51991841.8629702	58882477.4207378	58361886.0787832	25472723.5561631	19047169.9304953	24843585.0444459	20468182.8205879	17835961.4680649	21412519.1833734	52546123.5542937	55678500.5935109	49817993.9302239	48338335.1864418	52263562.7300208	48010086.7647761	53754075.3152547	41172687.3065136	21110965.0246068	17030845.1082103	21263645.4412485	18164021.6051928	20550143.9924013	18138253.1778726	47751209.6165845	43636604.7849792	38677555.9799094	39986736.690179	49627538.0870758	33365642.9679378	57443735.120684	57210563.6714362	25847817.9937591	18581043.2604059	22885808.8650501	21393407.9415032	24177325.7165385	11430536.8132211	41861704.8271378
335	M161T588	1.11805214229515	-0.329913638664958	0.744193167955807	0.492308033181569	161.067733557667	161.036364193141	161.125174206549	588.0935	582.763	593.364	26	9	10	7	http://metlin.scripps.edu/metabo_list.php?mass_min=159.92&mass_max=160.22	7928854.56300823	2805838.52543271	1544119.48563382	3193721.25909457	2585108.11070752	4971754.07302376	5989226.30241372	3096289.19543382	2225622.47775362	7850802.40401725	4931101.29974337	3654022.93659937	4478104.40357604	2085552.68988662	7662293.4483053	2485131.17503551	1907703.99137695	5177621.43555885	2454812.69116132	5610438.49119395	15732240.4839012	5572584.08330834	2453649.6538808	20696287.6796532	5715559.59571403	3823368.76830885	1744841.063249	3301164.40642794	1877284.4156342	1680885.2167815	688867.581732387	1393799.77222265	1247964.46862389	6733065.38365187	11664914.3252145	6905235.01163234	12070596.8341358	8335849.73504998	7261108.47696392	13173644.5136684	815602.346318185	1583886.50936214
336	M473T535	1.0666128612604	-0.326032699014413	0.747551324367512	0.784621278361607	473.459736375547	473.44601392493	473.49656855588	535.1035	481.836	540.585	24	7	6	11	http://metlin.scripps.edu/metabo_list.php?mass_min=472.31&mass_max=472.61	28517450.6396168	24675331.2202176	26593287.5030625	17881384.7656271	19627570.2638164	23391206.7512807	20114739.1937163	10735894.3931463	10725753.482855	12472409.1287849	10387519.9054825	10322419.7820736	13221695.7017515	24734185.3733597	17101832.1819771	23569866.0980235	25357836.5150366	21815808.5925224	28734142.7607644	17482340.4769157	24060133.852947	11972625.4725049	10303114.3419277	11200455.3873595	12527073.7220773	10389130.0412507	14735934.9612497	58720257.8977218	19563587.4212419	22360884.0866217	21567430.3416386	26558059.9816445	35621193.5932137	27191992.9367106	17661403.4370763	13800914.0259147	10846635.4849167	13176454.8155006	11866025.1043856	10466597.9991565	12748356.0110937	26556476.33212
337	M443T143	1.0463513220653	-0.320378031329706	0.751385358201265	0.396262143876948	443.49453095687	443.450053043787	443.524352995947	142.572	132.499	149.338	37	12	12	13	http://metlin.scripps.edu/metabo_list.php?mass_min=442.34&mass_max=442.64	80281637.4566	87339313.0629914	93677097.6606296	82236850.391696	89626268.5384595	96304182.7725367	72492738.7882755	45959241.9369221	45488855.2536826	48786996.424946	48694933.4572885	43388089.1451562	49565983.3873546	78643660.4125841	73314679.0521773	84145308.5383805	88068341.719778	93878035.4127835	84793350.0161833	84748813.2228099	49902919.0302645	37495794.5986284	17107490.8564272	43568826.24675	38359991.1322213	41062986.7961906	41710855.0428063	70572111.2704245	75342778.8108902	61810721.06177	65644802.9068776	73881216.6500404	61601725.277115	88695611.5403448	81918853.7359574	53293849.1766128	33491397.2409598	47026870.042743	30998070.6971196	45759444.3445232	25739529.9365725	65927570.462904
338	M675T1420	1.09012908806145	0.310266013790828	0.758852441921577	0.943942900544864	674.761186368074	674.746227321648	674.825071092189	1419.555	1416.69	1423.62	42	14	14	14	http://metlin.scripps.edu/metabo_list.php?mass_min=673.61&mass_max=673.91	30693160.0691667	33948450.3874795	32747162.3308177	26542914.9108506	36200147.2214951	29290656.6149437	28943066.3396126	121089004.412941	127246050.223915	132208524.50038	151992307.46787	157355348.834779	139803844.62465	30665936.1005025	27691497.4222978	29670338.2908974	28878849.4205625	29627469.8149581	32387941.452214	31682406.9297163	32099753.6342914	130749117.304759	117032917.299749	119276649.142311	136433472.308024	159594994	157219040.432094	32132032.8812039	35880625.1615625	33702410.8993127	33854976.7410937	32970404.2055682	32350185.3877126	32517940.6932844	29920566.1690525	148525698.357779	123533437.501762	143931871.857982	152692389.210937	153504166.419699	176346899.979281	30685202.1833397
339	M793T1438	1.03401966457208	0.309346757674119	0.759977257484287	0.638159856031517	792.767159405178	792.752248920024	792.853764914158	1438.43	1419.74	1441.81	21	8	7	6	http://metlin.scripps.edu/metabo_list.php?mass_min=791.62&mass_max=791.92	24382327.5522107	26314909.1610552	25723267.2919464	21144261.2729652	21817597.2976143	25884969.7599102	28070257.1709524	29826862.1832015	37793798.0697426	17816638.1348635	18776705.4722057	17079101.7774748	17847954.7815162	28656499.8738163	21470150.5734529	24674751.1937265	22006916.5175	21733496.6654484	25495869.4646716	19238016.994898	23584822.0172473	22931890.4127339	36426190.9367402	17804136.6134838	18283692.6091467	18873310.2672702	16845087.2296451	20820369.2986391	22956130.8903226	26405435.8075914	24068140.3545363	21753085.0425807	21229704.8105496	27184589.0408824	23540650.629214	46044185.9258853	20512639.316395	16711932.9333518	14992935.6594257	16807190.1332964	15352401.1338972	23182194.6717582
340	M653T1421	1.07866259193839	-0.302150609335622	0.764996681051369	0.862348537352352	652.720586834094	652.67154673663	652.79513370082	1421.495	1417.9	1424.63	42	14	14	14	http://metlin.scripps.edu/metabo_list.php?mass_min=651.57&mass_max=651.87	59758404.0805499	63684347.0332447	58870919.5906576	47175917.6947222	56599549.5233723	59528872.4594567	59107197.3317014	101021974.607073	237695722.045564	228555413.25921	234880211.000113	219775820.935252	215303614.043813	65783560.540885	53288936.4362812	68721796.2847898	61188607.6625312	55909278.0134108	65781389.3572441	61995951.7968375	56534049.1726643	288275159.31946	243315514.100778	250742383.546994	237135930.727099	239385694.411227	211553990.045819	64352173.0796909	58772488.3976675	63312559.5422808	66503941.1581312	63640754.3232422	60327838.8412051	58645453.5249265	55774341.2292719	206405609.572206	219587134.18189	227514024.823034	218677899.847546	218289541.140474	234795210.206063	63131680.7727908
341	M516T535	1.04015739985509	-0.300379501440404	0.766283625391473	0.890221697251671	515.521385913128	515.480297630832	515.528608439772	535.091	525.754	540.202	13	3	3	7	http://metlin.scripps.edu/metabo_list.php?mass_min=514.37&mass_max=514.67	26008541.7838574	35094945.685616	43362827.0767522	32221519.9345898	27905332.271804	30911197.1297635	27454841.3151231	15245022.0451581	20493426.9486726	19385270.5112161	17869411.0762134	14507179.1382821	24241842.2490664	43601002.3718929	28186977.0219844	41827995.9035693	42111829.6910711	35780862.524413	39021174.9940781	34981291.4569792	23828049.3683033	22410737.0494145	16800056.0735182	18474163.6397443	20927702.0836634	19030317.3313945	20647814.1924811	38603937.2694341	26970683.6097132	27862332.461739	26411465.3575234	32825619.1773768	42994653.1157476	39849036.209074	26012227.3874086	21685141.2919384	22012956.9161139	21786360.1527976	18827841.1587706	17284277.1063508	14214535.7408114	48351313.5215376
342	M686T1451	1.01356279206432	-0.292448214842258	0.772887012374772	0.518886929946754	685.722654403508	685.569474316344	685.733566775422	1451.08	1395.32	1455.72	25	7	5	7	http://metlin.scripps.edu/metabo_list.php?mass_min=684.57&mass_max=684.87	53727894.5774997	51991412.75625	52642015.1142185	47941306.6847981	52294260.2386878	51604452.4347917	47132570.0080459	69836393.2870315	56902216.598796	55042388.6792597	50262582.4317506	61539261.2587934	56081980.2043895	49764278.9372728	47986188.7430303	51813154.2223044	53705161.6950822	51063208.2475632	51392292.7093467	46023757.4977778	49768584.3421527	57684361.8564849	47385209.1423377	57963656.7106102	60640570.2528786	49695614.3583404	55524930.4292474	49415670.7861111	49545768.9492499	51837774.6244066	52806684.8042425	57019671.8396812	51701755.8654104	51087678.4430274	48328922.0753155	68452598.9899658	48796263.4718963	37227105.5174519	40456017.5999251	53834433.2326525	61522232.1375003	47676266.8922253
343	M486T143	1.04613500776463	0.2881571813048	0.775521488481456	0.812080583667871	485.541993106244	485.479413992418	485.555632725231	142.947	138.559	151.553	19	7	5	7	http://metlin.scripps.edu/metabo_list.php?mass_min=484.39&mass_max=484.69	37811355.3390654	49815479.6956316	47502729.2667948	46298735.7016509	47282042.2043851	50089452.7735957	34770559.7777529	23424076.386347	15721131.3401881	20531893.2108598	26594924.0664648	21962568.963474	19219277.1644212	43745660.961051	33750337.1481509	52038482.6794598	46041251.9862176	37009492.4194404	47741994.5214685	42999258.0863402	29092497.6158361	18974379.1032407	12398696.6192571	17711287.9123846	18379355.0436707	19995030.9556197	18201145.6568923	45401084.5640452	46117024.8388473	41775275.8569089	41747565.4708846	47612362.7809069	38655216.9386246	50772825.3501026	36538582.5217854	25460373.0062483	14071990.9023394	21648098.931438	20546628.3820358	18760359.2659197	15957012.1061845	40358123.0422588
344	M769T487	1.08576391335408	0.283541176190886	0.779011445452727	0.780888566525726	768.643272077777	768.629116831054	768.652441837654	487.3405	486.22	489.628	24	8	8	8	http://metlin.scripps.edu/metabo_list.php?mass_min=767.49&mass_max=767.79	19658362.8409618	42736581.7757168	41073968.1716875	19396414.4382232	42118836.1046891	42179835.2488561	43206587.121472	9291862.86244665	6792026.73732326	4664172.82457769	3398422.82248002	3256154.1384584	3337681.5763407	40386135.1105508	19499098.8200124	43130617.5003178	24574788.9341554	23321410.0919143	39590831.1348901	21304425.5988718	39893776.3257407	7042833.58942687	5374327.78491867	3267457.0894375	4129681.68738257	3206895.29917011	3794857.45939203	24209682.302974	28712720.0814629	29924188.7823776	27273697.2168117	30434707.0045965	29915995.1867789	40146394.7983312	44418697.9007329	4727544.04076431	4350719.11074725	4320385.59928353	3495414.97985287	4196689.0527942	3452151.86724331	29470741.6559423
345	M266T509	1.15969890710328	-0.280314274071151	0.781843428660742	0.967857413249639	266.198582349735	266.15627266598	266.279549941334	508.881	505.336	512.29	21	5	11	5	http://metlin.scripps.edu/metabo_list.php?mass_min=265.05&mass_max=265.35	13432309.9406856	3445606.04090392	3367587.48041218	5119637.06002052	5626060.6595401	10903301.0948137	26618344.8678063	4326758.81341955	103853409.680716	6004432.98429459	7000526.87183732	7139216.71956433	6487886.1214263	2319490.51388795	12372726.643529	23558551.0421605	3396828.97887537	14989764.6506187	3547291.79594981	6082375.83519902	18132946.9674443	17015535.6844171	61390729.6181055	11179815.9565247	26272501.8082068	10437669.3677772	5045861.71543395	2071566.81837311	2709688.02915045	2394495.15404958	1678877.58615038	3426200.52831059	785598.769557189	7524050.30139003	23566173.7836099	4987592.16957752	90096696.7619803	3842898.55518171	14133545.2219964	29272741.7508626	578185.019159944	822321.613191268
346	M344T511	1.09795615681859	0.274888801463649	0.786472837692321	0.755967341363126	344.343151111466	344.327042064696	344.367749968074	510.567	508.777	518.436	19	4	8	7	http://metlin.scripps.edu/metabo_list.php?mass_min=343.19&mass_max=343.49	19591135.7647742	23087485.4773715	3863792.68045894	5079732.10807115	8828140.30725697	9786759.74780272	13441643.7316072	6295645.51542377	42933877.9077728	14877851.944503	7888333.58423166	8135111.08888473	12375119.6511648	5045655.73618155	21625140.864547	28448852.8849925	3478819.72258545	13946383.8028389	5684106.15008483	6406221.98052456	17551896.728003	20415884.7229025	25381691.6732632	25402937.0721012	18399056.0290312	12032258.5048969	4422055.27917702	8926268.17685182	10106996.6438884	7703742.97924483	5237622.88190039	7486568.61335751	4092192.27144616	19563550.5957429	65524135.2537788	8764127.58573671	48892085.9640359	8815769.79323006	16482250.0962808	20556641.9857308	1984944.23890607	7689558.81588492
347	M685T1453	1.00656150278531	0.260418172355168	0.796650191017981	0.535168590734646	684.735993543897	684.724871264779	684.747868386198	1452.825	1449.14	1456.23	30	10	10	10	http://metlin.scripps.edu/metabo_list.php?mass_min=683.59&mass_max=683.89	121391427.845074	130756926.7125	135504651.19125	123079632.140595	133713570.985119	123070188.767891	118813248.440379	152376548.057647	137006664.318654	123175225.664724	128112091.102561	135424198.499491	119409695.00607	126631661.677941	117456730.746687	124073324.035247	121807843.756837	121394566.609804	131174048.954607	121485255.127273	121129280.516212	149342151.230692	121957086.396395	125415599.047759	127080610.41462	128344994.72758	124541375.341176	124024378.860729	118361419.29464	131072302.131089	124373359.781364	123519603.406397	128154088.184847	125863631.166653	116721097.271485	147004163.563425	109105287.32119	123826959.800715	123986130.505029	134158586.268358	130997454.102617	133626337.440892
348	M548T141	1.04495409526487	-0.25948488264769	0.797372868380075	0.734550691549223	547.530259118411	547.469599932106	547.538352108392	140.9265	133.831	147.028	34	12	12	10	http://metlin.scripps.edu/metabo_list.php?mass_min=546.38&mass_max=546.68	59721753.1076113	63717007.1964283	61970446.6456886	77394534.1865558	66638228.1794587	74214091.7212048	69523872.5732073	30548019.3742781	19868146.5523924	32339864.7919746	23562158.5787316	24327119.2599198	26988351.2799784	64862112.0254829	69907572.274579	63004588.4454606	59589713.019375	70653291.0223323	59377399.8094899	66574681.9284195	63265136.9556788	17360343.4940622	16334111.1497846	30042162.8278528	23063265.7504646	22517489.2759859	23287162.8643941	53917798.2220316	55751007.0251269	46874804.2861105	51587139.858375	56300276.6518476	49678311.7134455	72667231.4117835	67922410.7869257	36650721.0476796	21401172.5622304	31671602.3643279	27012005.1636231	22363417.9858697	14951421.0867663	56577840.3762168
349	M246T500	1.12534494078575	0.250779504616353	0.804149110881319	0.544971454125787	246.207505322238	246.174017363717	246.239244164129	500.212	496.633	504.256	39	14	14	11	http://metlin.scripps.edu/metabo_list.php?mass_min=245.06&mass_max=245.36	81504846.7777079	23579459.2356795	8303619.01587283	29693563.1582698	28200820.9434887	34438166.9617716	64589215.654122	18929612.3293273	65296430.48759	46015449.7614541	16756108.4443134	35941904.3686663	52821604.3936688	7913776.3680941	71718143.9449538	26920500.7233865	8791166.71427098	46158017.3769866	21638566.9998801	28057528.166885	242449614.605703	41187633.0134682	71451995.8139617	91568108.9892811	43039180.2768681	44256890.4965868	11953213.4098542	11580659.5578361	12996209.930204	7564905.0039903	789464.795946488	8645689.84097559	7751171.53015137	66037999.1732217	218828014.366605	33123685.6079265	218696823.166436	25133211.3918049	60783395.9044482	186155534.413455	2699914.24896558	6924024.24946257
350	M770T487	1.07141250810678	0.244565301542344	0.808713131407732	0.808984751302878	769.640730253191	769.588859166224	769.660260988244	487.24	486.324	488.637	23	7	8	8	http://metlin.scripps.edu/metabo_list.php?mass_min=768.49&mass_max=768.79	8849987.8206062	18161352.2654306	17212264.8799027	9224199.04528029	20581942.7865679	18518042.9157719	19293561.2216827	5001786.3155832	1847374.63592058	3102142.58851223	1809141.5679705	1883104.16146508	2440046.50763672	11863747.5971529	8707311.67182859	19876431.5519453	11036041.1035382	9675088.59500276	17707096.5958275	8714987.56219532	17004014.6536975	2978872.29803233	2602939.34574831	1671857.28903875	1634574.87847063	2597756.61760683	2118101.0277738	10291500.3289918	11315420.2487883	13798886.7756483	12155278.5450742	12543982.7350943	12261333.3558856	19224699.9591502	17435611.7313064	2656587.10389555	2377118.69401163	2337582.76002391	2065779.9917981	1177929.60425954	2005584.60525363	13588659.4113686
351	M546T141	1.04631937196818	-0.219989609490352	0.827634506558054	0.824652580211082	545.54472422005	545.529034185279	545.551406539297	140.546	134.515	146.269	21	6	8	7	http://metlin.scripps.edu/metabo_list.php?mass_min=544.39&mass_max=544.69	49278014.656672	41043485.7567279	40475525.5121219	38750727.746067	47174426.9672957	45394735.2845105	33879521.303973	13737169.6325201	8348191.06054156	12842392.9241984	11454179.8141627	12082043.2763037	12641441.2834606	39745546.7725058	42165909.476209	38508473.5455609	42729474.5639789	43349491.0767252	36004264.6840332	46346108.8683252	30102466.1102255	11126215.0446164	8988018.6474033	9358712.20903864	11582884.2090101	10788510.5642443	10698439.4885899	33563584.3308265	36270455.9542509	34292494.7301223	33980518.6076452	35536534.6379063	31983871.7585171	43568556.9993639	38028703.9057698	14650943.5468178	10658161.2402805	12589908.4252999	11772570.2153949	10877537.4808188	7434512.3972666	37053121.8473134
352	M530T141	1.03771058271511	0.212715797761796	0.833220316026084	0.489093188297202	529.552503884652	529.537678364828	529.569899835727	141.0705	135.835	148.222	26	9	6	11	http://metlin.scripps.edu/metabo_list.php?mass_min=528.4&mass_max=528.7	72275790.8595481	71735577.2752694	58514175.5063721	62337858.1602848	66494868.1917198	71946774.6526202	62423267.5395908	29440577.0543871	20484073.5224051	28449147.8088117	26599315.1335839	24111959.2478075	22737360.3679194	60525851.0642245	52453077.908552	61304820.0252958	58846347.2510648	52305561.2673783	58116725.3950057	65280036.7557576	40475457.3679624	20010600.5462367	15053189.1137875	17173232.1842429	19529569.9374408	22133682.0346431	21278681.0265738	56401257.3379819	58163910.9074688	52373000.7529849	48171138.5550936	54667628.2667079	47308422.4293093	65998372.5661391	63890153.7888446	25354349.3833123	19664422.0573277	25747759.428214	25049893.2968596	24055338.8833311	15535531.5465466	55513902.8220368
353	M664T1399	1.03802378409303	-0.201543363749903	0.842032500609768	0.597753527590248	663.617637281186	663.594926920021	663.652813517861	1398.685	1395.79	1400.63	40	13	13	14	http://metlin.scripps.edu/metabo_list.php?mass_min=662.47&mass_max=662.77	112047255.233005	112585620.376856	116154684.264217	83589016.7988746	95806121.3972276	104382617.691132	96611546.1555188	1019404919.38055	259628449.85	203801529.589913	204893925.24077	210554494.915575	203651622.836993	115438794.622691	93498231.8727896	112099810.35344	114585824.987197	92858499.6123144	109267091.618404	92046195.1364361	85198441.8526496	416403810.321637	228308577.5712	199000996.562791	207158420.199313	205688593.381931	204339380.200994	110174035.137877	96807071.1319535	116347143.453751	106746373.133192	106890954.350515	116334653.36625	106227066.583255	96147890.1873441	299430368.178071	202271162.528125	204322795.763143	196404447.300589	208182180.381064	212119068.834505	119221505.184856
354	M514T141	1.02112538323476	-0.17351939585423	0.863856096520423	0.558066896784862	513.57280036755	513.550463890271	513.61000406489	140.908	132.516	150.728	41	13	14	14	http://metlin.scripps.edu/metabo_list.php?mass_min=512.42&mass_max=512.72	130141422.769207	106040464.825236	117983180.972473	103952564.357137	107504704.328889	125756571.675954	125798612.256014	85721089.4252872	49891306.1839398	77060509.6761875	73345227.7892929	75387410.2404036	75606635.9340795	109408679.026667	119957991.417298	111548577.402447	111070046.28825	138642303.062511	111099169.811019	135606417.418942	37403192.4382911	61461711.232795	43296024.2353896	72525456.7034965	60447287.3795973	68431769.3149588	67753949.8085894	104882395.915304	96442665.2525277	86036754.9577917	85556814.6571255	98081859.4617924	84268777.1268295	121591288.470246	127658857.022897	87296270.8698894	78909953.0204106	75998080.5599864	70401659.1015248	71434339.6331524	44098520.1988608	90611551.5146778
355	M709T1443	1.0077780762053	-0.16593527493008	0.869907187182969	0.993331973211532	708.741747489289	708.656545722412	708.753107178703	1443.3	1396.42	1446.04	26	9	11	6	http://metlin.scripps.edu/metabo_list.php?mass_min=707.59&mass_max=707.89	19489666.2300131	20055686.0603044	19873355.9833113	17285905.1207687	21310718.9724291	20070312.945381	14068740.8969706	37743677.3479715	14914343.3175139	18779242.9417836	20564000.3133788	21280660.3511026	20363283.3983525	27499209.4753718	18940818.5638031	20481838.8957031	19677884.4280914	19538908.5625284	19104646.43001	20178461.5260189	18701379.1742833	29971447.170905	19609258.1562087	17231072.08942	22037486.6602283	20361673.2221026	25123431.7589611	22759180.5044072	20830752.2059629	18197649.8259375	20412369.2645409	19920112.4450175	19204823.398291	21942394.6478407	18693262.5293783	24437633.1993749	21228933.9292531	20338425.6641849	21059062.5945389	19935049.4178881	22432492.6235506	22817600.7120361
356	M500T142	1.02327511470154	-0.165045564836023	0.870368223767978	0.523790111951187	499.549493498652	499.533198692339	499.617033690931	141.639	133.831	149.618	33	11	10	12	http://metlin.scripps.edu/metabo_list.php?mass_min=498.4&mass_max=498.7	44964636.7959985	69938556.741504	68488238.2788274	83594971.459643	68175800.8468952	71931929.3279365	74475936.6529422	44695330.9488423	29682780.4208318	19212960.4907198	36120601.5809036	39593741.3257664	37258148.7466078	60816486.273274	65203460.7716618	63638514.3581742	63881275.4636074	44249178.7892622	63689649.3113446	82979136.9878666	46211620.2740619	29349618.8762832	21991958.0317545	29881019.3609324	13821586.9003493	36652450.5314052	36056312.7645	64449159.4292916	59452746.8892027	48429195.4753125	50204848.2913581	57277532.3306429	47587256.0945437	71113362.4098173	53373998.045254	43732307.6436689	25394476.1051061	38659611.0018035	39722810.6441994	35677549.8485369	20514201.7832026	55856138.3634958
357	M560T142	1.02570173765135	-0.13672218079718	0.892305456879119	0.858967675776851	559.553017489976	559.541689823609	559.559018453252	142.334	139.226	144.949	15	4	4	7	http://metlin.scripps.edu/metabo_list.php?mass_min=558.4&mass_max=558.7	30435255.961021	38984648.7200177	34330856.4486002	37511022.509396	45129348.3141675	40998716.3108721	28456413.2426091	15202770.5786644	9443631.34817788	11520648.1127797	12160334.4348419	12535914.4645905	12821917.7808469	35172745.4818528	30702121.6140561	34405685.2815526	40863024.8149414	32111469.8180222	36609645.8310164	32444259.5557582	29173136.4119927	11087899.5709316	8517558.77139248	11686476.7903117	10259885.1731519	12434334.86045	13686949.6957714	34977936.8470622	32808328.9992535	30540843.0520805	25943456.4242652	31420146.0082712	28058750.4651253	44095557.7800792	32301280.5458992	14673984.7897229	10227417.9309653	12198774.9758326	12133351.9603614	11477628.2589012	9434861.12947608	35152431.3682769
358	M485T490	1.03018413115672	-0.10844333307826	0.914477345893888	0.970073166285363	485.485529055243	485.465933524574	485.508406056573	489.851	488.309	491.383	22	7	7	8	http://metlin.scripps.edu/metabo_list.php?mass_min=484.34&mass_max=484.64	29177444.7456168	36865160.5343609	34929268.6318347	29991619.5632013	36296940.7521852	36039708.1888148	36283470.5734485	6157162.5266112	5108174.31742878	5775482.33363483	4420593.33114982	4173823.10834933	4833242.59469324	38760612.1350655	29604313.2590951	38455429.0755614	30673834.3127799	33782802.0994475	36694637.0638001	32511527.5435361	36561418.5301566	5132071.67836321	5395923.85463427	4198368.55972656	3871315.87264154	3303028.86141912	3860798.14100417	33588061.40783	31266902.2165973	31404935.6480987	30938287.1887313	33739002.6844397	33295807.9130743	36741629.9745636	35917317.8925486	4138090.03529292	5255676.21055457	3988146.83485478	3680180.38509593	4112696.1037065	3379912.19168446	31054358.7842651
359	M592T141	1.01565699767594	0.105925806337253	0.916490967564469	0.739522547323147	591.536208411456	591.470551862753	591.55230429437	141.193	134.845	152.687	33	11	11	11	http://metlin.scripps.edu/metabo_list.php?mass_min=590.39&mass_max=590.69	75223415.3823987	65923252.418603	59752586.1015194	62111544.1817271	66984198.5442966	70117904.410803	56863003.2518115	37064047.6857919	22949476.6927157	36345286.2220066	32240181.2568846	30389460.3026626	27177668.8991643	66252349.6095395	59829989.6787129	63304537.8889698	65854663.7653555	61593513.6446131	60015258.1496614	67032416.7011422	57339329.6416346	21221260.2069566	19900095.5966494	27000893.8967631	22970625.5662072	26163379.9462489	27270176.6768531	60841540.2026569	57081758.3629978	49180760.3548721	51058298.2745101	55601289.4931426	44113205.3431326	72535427.137243	66218789.798428	39210736.6423188	25578604.2222813	39503199.9553946	50445040.6363295	25153922.7563066	17352820.2237894	57329593.9537157
360	M636T141	1.01243146645312	0.0992948037832273	0.921680759526274	0.40531078583755	635.550079271353	635.481143652366	635.565399165181	141.1885	135.14	146.429	36	13	11	12	http://metlin.scripps.edu/metabo_list.php?mass_min=634.4&mass_max=634.7	51311070.7030479	51335658.2538854	48282817.7526243	59330934.3359124	57937316.9381618	58862159.1153352	54275901.3983876	38001217.0900886	20336953.694884	34980958.8089757	27885412.2344771	29363314.2674478	30261950.3687318	55495224.2956542	48876989.2343709	50409453.1180008	49480752.8655625	41970226.5380465	49064008.5282178	54650950.5346002	50890697.7653662	21226530.2028075	18257316.9507071	27380123.8863961	23055692.0512442	27013060.8495233	24833929.2866005	46968525.7779566	43306334.9981319	43187181.7963917	42184525.0333643	45416951.3640281	40964122.6442443	60181883.988561	49854464.8626817	35623892.0895752	28290689.8812729	35644580.7274106	32205479.2525748	18828085.7748785	17444990.9025317	47584450.2163172
361	M634T141	1.01565416897363	0.0871191248296773	0.931247950335919	0.718105484163459	633.566357255933	633.557941389625	633.613045833102	141.005	138.559	150.303	15	6	2	7	http://metlin.scripps.edu/metabo_list.php?mass_min=632.42&mass_max=632.72	26871951.2520214	32876313.2603955	32315985.3142662	25977920.4997009	32783777.7634292	32097569.1376641	25962145.1118804	16146727.661337	10623886.6493428	12123451.6416847	12831356.0652359	10685356.1947522	9042335.37720354	29509799.1568398	27873063.4747958	31654494.9710223	22677383.9676311	25030193.9813548	28365519.8701714	28682905.1868321	23254165.7520866	10686841.8759027	6714019.05674292	7562851.37624612	9673928.53997754	10382839.0096163	10161884.7165156	30081979.669753	25025667.9019515	25661650.8353577	24631632.85401	27682285.6957307	22500007.6379066	35060182.1440237	25453135.7682643	13737722.8934634	8956501.5882069	11038883.6941902	11568307.4032856	9785263.92181714	7782688.16409788	28188630.6691563
362	M691T1418	1.01268811187704	-0.0574956822812301	0.954598037858237	0.988248130471037	690.738061060328	690.691706671586	690.809369324646	1418.25	1415.96	1424.36	41	13	14	14	http://metlin.scripps.edu/metabo_list.php?mass_min=689.59&mass_max=689.89	25530409.0316816	23804123.7212828	24946618.285829	26533425.0667312	26026799.6425194	25298721.9940067	23703725.1305729	99393827.0630533	89726062.1842676	80245008.1088389	80691936.742263	77743681.6552914	73818973.7338284	28953014.1696462	25384250.8280572	23105364.2811413	25718460.2113494	26541752.5085278	25394745.4275756	19250933.2846875	22960338.137811	100480360.552478	88839447.7014144	69623753.8247244	79868719.9600863	74997361.48965	79553052.8168425	29925463.5753725	24961991.3141622	23303619.0670296	28027711.1087969	26498998.6071783	27615418.1719835	25877745.0646591	31265828.4368932	77810702.217029	82184706.708815	83822285.5719531	79636759.338398	72702416.5688311	71738135.5519484	27531981.7980691
363	M654T1422	1.01163832307434	-0.0442907168767362	0.965011127383646	0.998568157456155	653.677825154941	653.660214609063	653.738639379668	1422.015	1419.57	1427.49	26	8	10	8	http://metlin.scripps.edu/metabo_list.php?mass_min=652.53&mass_max=652.83	22168131.9096968	21830395.5652563	21144517.3227273	20148201.4797937	18970726.1803472	21226914.2379141	21101591.4161006	104035993.186717	96279245.1204671	90379276.6819463	93153750.5933525	86468454.5488357	75407900.743967	22827544.0508958	20489207.2356818	23089522.930873	21647616.0882387	20564645.4930656	23107187.9247722	21775727.2899875	20257600.2166133	106072866.853395	85322967.4629437	80965478.2638658	88420636.8097731	91894431.6967916	85833790.8257121	24791822.7657066	20384408.1699369	21278934.8628788	25948141.0786901	19972799.7073422	20930785.93125	19459101.6250947	20138271.5221875	102855451.585449	80678604.2287579	85135149.2686151	88667366.6986448	81321136.9060169	93703429.8249547	25543070.5561608
364	M590T141	1.00895392090911	0.0431520082543624	0.96592384911591	0.923278794813483	589.550113827986	589.462964231425	589.598933401586	140.967	131.191	150.632	21	6	6	9	http://metlin.scripps.edu/metabo_list.php?mass_min=588.4&mass_max=588.7	14012224.1284074	33930313.2868424	36643305.6647236	47401312.2191278	38756186.9293871	38405473.1632233	40103085.5410837	14965236.7687663	9377498.57944089	13833603.990006	12775225.5807096	12203261.2622186	13579552.8983602	38643013.9857196	29615916.1250517	41371182.9044414	38880639.5813025	46455952.2996425	18731781.428255	42024525.699406	25348310.0415413	8711095.57085392	8289946.75648684	11811916.4140954	8426635.12352659	11374668.9721382	11161868.4366959	36317810.8174857	33232408.6085037	31746243.806779	28022834.1135025	33500944.384784	29052953.0994713	42047520.0595688	37038529.364281	14304965.4741224	8771534.78216068	12390181.5605378	20397703.6300834	10549297.2091892	6693211.42080123	33805024.1111424
365	M680T142	1.00369795560277	-0.0299211074874895	0.976361889822667	0.636188516763767	679.580654559206	679.550070977215	679.633065664406	141.9555	136.826	152.622	30	10	9	11	http://metlin.scripps.edu/metabo_list.php?mass_min=678.43&mass_max=678.73	37571586.3546239	38542802.526	36296302.1878438	47755218.6740865	44766009.2115857	41185128.5878005	32748833.870375	31109742.3350148	17825674.5132647	23915042.1182781	21409803.993404	26077600.6885758	21966817.6300267	47882656.4455129	30933113.1329798	46568916.0992984	38822650.9378125	48483607.1473333	39501235.9834093	36398614.2225126	29254940.8216246	16576421.6277064	17928270.0742525	23526543.1857994	23578077.6512904	18926853.3482644	21904483.5819882	33727670.1043152	36915440.3958139	34536279.6275171	30790556.0733956	36929409.098997	33632890.4219555	48878188.2400542	32671364.1178292	25852313.4215251	19929085.0026619	30191007.7021444	23457957.1022702	17759080.6796694	14393338.5185305	38624478.3499658
366	M897T1500	1.002929391196	0.0283839093682834	0.977577983166565	0.998587822460143	896.856472561546	896.767071599272	896.870471794259	1499.765	1494.49	1510.03	16	3	7	6	http://metlin.scripps.edu/metabo_list.php?mass_min=895.71&mass_max=896.01	15337442.3041715	16207199.9383594	15041016.419742	16413431.7462729	15240929.1966743	16977440.8992976	13985302.0925745	30335258.366477	23449242.8383985	24910029.7553047	26616455.2240941	25565226.86827	26899253.6625469	14985626.7694954	15456891.5517789	18606826.5476562	17464669.5519531	13003783.4958372	18750620.2931766	16005360.4188217	14468323.9107317	25798618.5106174	23968774.8727667	26056799.4934255	26853826.0997597	23872626.6886771	25236605.5100504	14854298.3540252	15020934.6342639	15984725.991369	20976105.8496818	15502996.1427865	16215890.6823982	13578207.2513675	14355325.4998761	26202187.0088924	25836251.2730354	23823679.5971352	25261589.6852485	27317057.3634664	28671856.9886693	12472612.8377757
367	M648T140	1.0036122687515	-0.0191056825066112	0.984902670648716	0.749790576026003	647.573243890958	647.55976679671	647.63301646431	140.319	137.33	143.667	17	6	4	7	http://metlin.scripps.edu/metabo_list.php?mass_min=646.42&mass_max=646.72	28783649.0649618	35640648.7120998	34736263.1448119	29534564.9289525	36038672.9461834	27852503.6346534	29296940.7705104	11610564.576977	9733958.48978805	11273540.02369	11207530.1673915	10554813.2982858	11738554.7201698	31220908.0422303	27411189.1668148	32165023.773085	33667044.9722452	27722361.3110938	29131249.902602	29533802.14125	21170842.8527257	11220221.9233498	7997363.75893668	11181090.5027369	7981735.34125199	10448930.1363922	8618576.7537374	25323564.6660742	29787254.3286918	23542438.9417446	25335677.4087275	27764442.2769544	24856594.0959714	35338922.9026922	28648576.5532726	9289872.98513984	8234533.42864121	10307586.3829567	10677848.929046	11318016.3294959	6671583.93743473	30778993.7051123
